1.630000e-001	
532.100000	









946.899	
946.680	
946.461	
946.242	
946.023	
945.804	
945.585	
945.366	
945.147	
944.928	
944.709	
944.490	
944.271	
944.052	
943.833	
943.615	
943.396	
943.177	
942.958	
942.739	
942.520	
942.301	
942.082	
941.863	
941.644	
941.425	
941.206	
940.987	
940.768	
940.549	
940.330	
940.111	
939.892	
939.673	
939.454	
939.235	
939.016	
938.797	
938.578	
938.359	
938.140	
937.921	
937.702	
937.483	
937.264	
937.045	
936.826	
936.607	
936.388	
936.169	
935.950	
935.731	
935.512	
935.293	
935.074	
934.855	
934.636	
934.417	
934.198	
933.979	
933.760	
933.541	
933.322	
933.103	
932.884	
932.665	
932.446	
932.227	
932.008	
931.789	
931.570	
931.351	
931.133	
930.914	
930.695	
930.476	
930.257	
930.038	
929.819	
929.600	
929.381	
929.162	
928.943	
928.724	
928.505	
928.286	
928.067	
927.848	
927.629	
927.410	
927.191	
926.972	
926.753	
926.534	
926.315	
926.096	
925.877	
925.658	
925.439	
925.220	
925.001	
924.782	
924.563	
924.344	
924.125	
923.906	
923.687	
923.468	
923.249	
923.030	
922.811	
922.592	
922.373	
922.154	
921.935	
921.716	
921.497	
921.278	
921.059	
920.840	
920.621	
920.402	
920.183	
919.964	
919.745	
919.526	
919.307	
919.088	
918.869	
918.650	
918.432	
918.213	
917.994	
917.775	
917.556	
917.337	
917.118	
916.899	
916.680	
916.461	
916.242	
916.023	
915.804	
915.585	
915.366	
915.147	
914.928	
914.709	
914.490	
914.271	
914.052	
913.833	
913.614	
913.395	
913.176	
912.957	
912.738	
912.519	
912.300	
912.091	
911.883	
911.674	
911.465	
911.257	
911.048	
910.840	
910.631	
910.422	
910.214	
910.005	
909.796	
909.588	
909.379	
909.170	
908.962	
908.753	
908.545	
908.336	
908.127	
907.919	
907.710	
907.501	
907.293	
907.084	
906.876	
906.667	
906.458	
906.250	
906.041	
905.832	
905.624	
905.415	
905.206	
904.998	
904.789	
904.581	
904.372	
904.163	
903.955	
903.746	
903.537	
903.329	
903.120	
902.911	
902.703	
902.494	
902.286	
902.077	
901.868	
901.660	
901.451	
901.242	
901.034	
900.825	
900.617	
900.408	
900.199	
899.991	
899.782	
899.573	
899.365	
899.156	
898.947	
898.739	
898.530	
898.322	
898.113	
897.904	
897.696	
897.487	
897.278	
897.070	
896.861	
896.652	
896.444	
896.235	
896.027	
895.818	
895.609	
895.401	
895.192	
894.983	
894.775	
894.566	
894.358	
894.149	
893.940	
893.732	
893.523	
893.314	
893.106	
892.897	
892.688	
892.480	
892.271	
892.063	
891.854	
891.645	
891.437	
891.228	
891.019	
890.811	
890.602	
890.393	
890.185	
889.976	
889.768	
889.559	
889.350	
889.142	
888.933	
888.724	
888.516	
888.307	
888.099	
887.890	
887.681	
887.473	
887.264	
887.055	
886.847	
886.638	
886.429	
886.221	
886.012	
885.804	
885.595	
885.386	
885.178	
884.969	
884.760	
884.552	
884.343	
884.134	
883.926	
883.717	
883.509	
883.300	
883.091	
882.883	
882.674	
882.465	
882.257	
882.048	
881.840	
881.631	
881.422	
881.214	
881.005	
880.796	
880.588	
880.379	
880.170	
879.962	
879.753	
879.545	
879.336	
879.127	
878.919	
878.710	
878.501	
878.293	
878.084	
877.875	
877.667	
877.458	
877.250	
877.041	
876.832	
876.624	
876.415	
876.206	
875.998	
875.789	
875.581	
875.372	
875.163	
874.955	
874.746	
874.537	
874.329	
874.120	
873.911	
873.703	
873.494	
873.286	
873.077	
872.868	
872.660	
872.451	
872.242	
872.034	
871.825	
871.616	
871.408	
871.199	
870.991	
870.782	
870.573	
870.365	
870.156	
869.947	
869.739	
869.530	
869.321	
869.113	
868.904	
868.696	
868.487	
868.278	
868.070	
867.861	
867.652	
867.444	
867.235	
867.027	
866.818	
866.609	
866.401	
866.192	
865.983	
865.775	
865.566	
865.357	
865.149	
864.940	
864.732	
864.523	
864.314	
864.106	
863.897	
863.688	
863.480	
863.271	
863.062	
862.854	
862.645	
862.437	
862.228	
862.019	
861.811	
861.602	
861.393	
861.185	
860.976	
860.768	
860.559	
860.350	
860.142	
859.933	
859.724	
859.516	
859.307	
859.098	
858.890	
858.681	
858.473	
858.264	
858.055	
857.847	
857.638	
857.429	
857.221	
857.012	
856.803	
856.595	
856.386	
856.178	
855.969	
855.760	
855.552	
855.343	
855.134	
854.926	
854.717	
854.509	
854.300	
854.091	
853.883	
853.674	
853.465	
853.257	
853.048	
852.839	
852.631	
852.422	
852.214	
852.005	
851.796	
851.588	
851.379	
851.170	
850.962	
850.753	
850.544	
850.336	
850.127	
849.919	
849.710	
849.501	
849.293	
849.084	
848.875	
848.667	
848.458	
848.250	
848.041	
847.832	
847.624	
847.415	
847.206	
846.998	
846.789	
846.580	
846.372	
846.163	
845.955	
845.746	
845.537	
845.329	
845.120	
844.911	
844.703	
844.494	
844.285	
844.077	
843.868	
843.660	
843.451	
843.242	
843.034	
842.825	
842.616	
842.408	
842.199	
841.991	
841.782	
841.573	
841.365	
841.156	
840.947	
840.739	
840.530	
840.321	
840.113	
839.904	
839.696	
839.487	
839.278	
839.070	
838.861	
838.652	
838.444	
838.235	
838.026	
837.818	
837.609	
837.401	
837.192	
836.983	
836.775	
836.566	
836.357	
836.149	
835.940	
835.731	
835.523	
835.314	
835.106	
834.897	
834.688	
834.480	
834.271	
834.062	
833.854	
833.645	
833.437	
833.228	
833.019	
832.811	
832.602	
832.393	
832.185	
831.976	
831.767	
831.559	
831.350	
831.142	
830.933	
830.724	
830.516	
830.307	
830.098	
829.890	
829.681	
829.472	
829.264	
829.055	
828.847	
828.638	
828.429	
828.221	
828.012	
827.803	
827.595	
827.386	
827.178	
826.969	
826.760	
826.552	
826.343	
826.134	
825.926	
825.717	
825.508	
825.300	
825.091	
824.883	
824.674	
824.465	
824.257	
824.048	
823.839	
823.631	
823.422	
823.213	
823.005	
822.796	
822.588	
822.379	
822.170	
821.962	
821.753	
821.544	
821.336	
821.127	
820.919	
820.710	
820.501	
820.293	
820.084	
819.875	
819.667	
819.458	
819.249	
819.041	
818.832	
818.624	
818.415	
818.206	
817.998	
817.789	
817.580	
817.372	
817.163	
816.954	
816.746	
816.537	
816.329	
816.120	
815.911	
815.703	
815.494	
815.285	
815.077	
814.868	
814.659	
814.451	
814.242	
814.034	
813.825	
813.616	
813.408	
813.199	
812.990	
812.782	
812.573	
812.365	
812.156	
811.947	
811.739	
811.530	
811.323	
811.116	
810.909	
810.702	
810.495	
810.288	
810.081	
809.874	
809.667	
809.460	
809.253	
809.046	
808.839	
808.632	
808.425	
808.218	
808.011	
807.804	
807.597	
807.389	
807.182	
806.975	
806.768	
806.561	
806.354	
806.147	
805.940	
805.733	
805.526	
805.319	
805.112	
804.905	
804.698	
804.491	
804.284	
804.077	
803.870	
803.663	
803.456	
803.249	
803.042	
802.835	
802.628	
802.421	
802.214	
802.007	
801.800	
801.593	
801.386	
801.179	
800.972	
800.765	
800.558	
800.351	
800.144	
799.937	
799.730	
799.523	
799.315	
799.108	
798.901	
798.694	
798.487	
798.280	
798.073	
797.866	
797.659	
797.452	
797.245	
797.038	
796.831	
796.624	
796.417	
796.210	
796.003	
795.796	
795.589	
795.382	
795.175	
794.968	
794.761	
794.554	
794.347	
794.140	
793.933	
793.726	
793.519	
793.312	
793.105	
792.898	
792.691	
792.484	
792.277	
792.070	
791.863	
791.656	
791.448	
791.241	
791.034	
790.827	
790.620	
790.413	
790.206	
789.999	
789.792	
789.585	
789.378	
789.171	
788.964	
788.757	
788.550	
788.343	
788.136	
787.929	
787.722	
787.515	
787.308	
787.101	
786.894	
786.687	
786.480	
786.273	
786.066	
785.859	
785.652	
785.445	
785.238	
785.031	
784.824	
784.617	
784.410	
784.203	
783.996	
783.789	
783.582	
783.374	
783.167	
782.960	
782.753	
782.546	
782.339	
782.132	
781.925	
781.718	
781.511	
781.304	
781.097	
780.890	
780.683	
780.476	
780.269	
780.062	
779.855	
779.648	
779.441	
779.234	
779.027	
778.820	
778.613	
778.406	
778.199	
777.992	
777.785	
777.578	
777.371	
777.164	
776.957	
776.750	
776.543	
776.336	
776.129	
775.922	
775.715	
775.508	
775.300	
775.093	
774.886	
774.679	
774.472	
774.265	
774.058	
773.851	
773.644	
773.437	
773.230	
773.023	
772.816	
772.609	
772.402	
772.195	
771.988	
771.781	
771.574	
771.367	
771.160	
770.953	
770.746	
770.539	
770.332	
770.125	
769.918	
769.711	
769.504	
769.297	
769.090	
768.883	
768.676	
768.469	
768.262	
768.055	
767.848	
767.641	
767.433	
767.226	
767.019	
766.812	
766.605	
766.398	
766.191	
765.984	
765.777	
765.570	
765.363	
765.156	
764.949	
764.742	
764.535	
764.328	
764.121	
763.914	
763.707	
763.500	
763.298	
763.095	
762.893	
762.691	
762.489	
762.286	
762.084	
761.882	
761.679	
761.477	
761.275	
761.072	
760.870	
760.668	
760.466	
760.263	
760.061	
759.859	
759.656	
759.454	
759.252	
759.049	
758.847	
758.645	
758.443	
758.240	
758.038	
757.836	
757.633	
757.431	
757.229	
757.027	
756.824	
756.622	
756.420	
756.217	
756.015	
755.813	
755.610	
755.408	
755.206	
755.004	
754.801	
754.599	
754.397	
754.194	
753.992	
753.790	
753.587	
753.385	
753.183	
752.981	
752.778	
752.576	
752.374	
752.171	
751.969	
751.767	
751.565	
751.362	
751.160	
750.958	
750.755	
750.553	
750.351	
750.148	
749.946	
749.744	
749.542	
749.339	
749.137	
748.935	
748.732	
748.530	
748.328	
748.125	
747.923	
747.721	
747.519	
747.316	
747.114	
746.912	
746.709	
746.507	
746.305	
746.103	
745.900	
745.698	
745.496	
745.293	
745.091	
744.889	
744.686	
744.484	
744.282	
744.080	
743.877	
743.675	
743.473	
743.270	
743.068	
742.866	
742.664	
742.461	
742.259	
742.057	
741.854	
741.652	
741.450	
741.247	
741.045	
740.843	
740.641	
740.438	
740.236	
740.034	
739.831	
739.629	
739.427	
739.224	
739.022	
738.820	
738.618	
738.415	
738.213	
738.011	
737.808	
737.606	
737.404	
737.202	
736.999	
736.797	
736.595	
736.392	
736.190	
735.988	
735.785	
735.583	
735.381	
735.179	
734.976	
734.774	
734.572	
734.369	
734.167	
733.965	
733.762	
733.560	
733.358	
733.156	
732.953	
732.751	
732.549	
732.346	
732.144	
731.942	
731.740	
731.537	
731.335	
731.133	
730.930	
730.728	
730.526	
730.323	
730.121	
729.919	
729.717	
729.514	
729.312	
729.110	
728.907	
728.705	
728.503	
728.300	
728.098	
727.896	
727.694	
727.491	
727.289	
727.087	
726.884	
726.682	
726.480	
726.278	
726.075	
725.873	
725.671	
725.468	
725.266	
725.064	
724.861	
724.659	
724.457	
724.255	
724.052	
723.850	
723.648	
723.445	
723.243	
723.041	
722.838	
722.636	
722.434	
722.232	
722.029	
721.827	
721.625	
721.422	
721.220	
721.018	
720.816	
720.613	
720.411	
720.209	
720.006	
719.804	
719.602	
719.399	
719.197	
718.995	
718.793	
718.590	
718.388	
718.186	
717.983	
717.781	
717.579	
717.376	
717.174	
716.972	
716.770	
716.567	
716.365	
716.163	
715.960	
715.758	
715.556	
715.354	
715.151	
714.949	
714.747	
714.544	
714.342	
714.140	
713.937	
713.735	
713.533	
713.331	
713.128	
712.926	
712.724	
712.521	
712.319	
712.117	
711.914	
711.712	
711.510	
711.308	
711.105	
710.903	
710.701	
710.498	
710.296	
710.094	
709.892	
709.689	
709.487	
709.285	
709.082	
708.880	
708.678	
708.475	
708.273	
708.071	
707.869	
707.666	
707.464	
707.262	
707.059	
706.857	
706.655	
706.453	
706.250	
706.048	
705.846	
705.643	
705.441	
705.239	
705.036	
704.834	
704.632	
704.430	
704.227	
704.025	
703.823	
703.620	
703.418	
703.216	
703.013	
702.811	
702.609	
702.407	
702.204	
702.002	
701.800	
701.597	
701.395	
701.193	
700.991	
700.788	
700.586	
700.384	
700.181	
699.979	
699.777	
699.574	
699.372	
699.170	
698.968	
698.765	
698.563	
698.361	
698.158	
697.956	
697.754	
697.551	
697.349	
697.147	
696.945	
696.742	
696.540	
696.343	
696.145	
695.948	
695.751	
695.553	
695.356	
695.159	
694.961	
694.764	
694.567	
694.369	
694.172	
693.975	
693.777	
693.580	
693.383	
693.185	
692.988	
692.791	
692.593	
692.396	
692.199	
692.001	
691.804	
691.607	
691.409	
691.212	
691.015	
690.818	
690.620	
690.423	
690.226	
690.028	
689.831	
689.634	
689.436	
689.239	
689.042	
688.844	
688.647	
688.450	
688.252	
688.055	
687.858	
687.660	
687.463	
687.266	
687.068	
686.871	
686.674	
686.476	
686.279	
686.082	
685.884	
685.687	
685.490	
685.292	
685.095	
684.898	
684.700	
684.503	
684.306	
684.108	
683.911	
683.714	
683.516	
683.319	
683.122	
682.924	
682.727	
682.530	
682.332	
682.135	
681.938	
681.741	
681.543	
681.346	
681.149	
680.951	
680.754	
680.557	
680.359	
680.162	
679.965	
679.767	
679.570	
679.373	
679.175	
678.978	
678.781	
678.583	
678.386	
678.189	
677.991	
677.794	
677.597	
677.399	
677.202	
677.005	
676.807	
676.610	
676.413	
676.215	
676.018	
675.821	
675.623	
675.426	
675.229	
675.031	
674.834	
674.637	
674.439	
674.242	
674.045	
673.847	
673.650	
673.453	
673.255	
673.058	
672.861	
672.663	
672.466	
672.269	
672.071	
671.874	
671.677	
671.480	
671.282	
671.085	
670.888	
670.690	
670.493	
670.296	
670.098	
669.901	
669.704	
669.506	
669.309	
669.112	
668.914	
668.717	
668.520	
668.322	
668.125	
667.928	
667.730	
667.533	
667.336	
667.138	
666.941	
666.744	
666.546	
666.349	
666.152	
665.954	
665.757	
665.560	
665.362	
665.165	
664.968	
664.770	
664.573	
664.376	
664.178	
663.981	
663.784	
663.586	
663.389	
663.192	
662.994	
662.797	
662.600	
662.402	
662.205	
662.008	
661.811	
661.613	
661.416	
661.219	
661.021	
660.824	
660.627	
660.429	
660.232	
660.035	
659.837	
659.640	
659.443	
659.245	
659.048	
658.851	
658.653	
658.456	
658.259	
658.061	
657.864	
657.667	
657.469	
657.272	
657.075	
656.877	
656.680	
656.483	
656.285	
656.088	
655.891	
655.693	
655.496	
655.299	
655.101	
654.904	
654.707	
654.509	
654.312	
654.115	
653.917	
653.720	
653.523	
653.325	
653.128	
652.931	
652.733	
652.536	
652.339	
652.141	
651.944	
651.747	
651.549	
651.352	
651.155	
650.958	
650.760	
650.563	
650.366	
650.168	
649.971	
649.774	
649.576	
649.379	
649.182	
648.984	
648.787	
648.590	
648.392	
648.195	
647.998	
647.800	
647.603	
647.406	
647.208	
647.011	
646.814	
646.616	
646.419	
646.222	
646.024	
645.827	
645.630	
645.432	
645.235	
645.038	
644.840	
644.643	
644.446	
644.248	
644.051	
643.854	
643.656	
643.459	
643.262	
643.064	
642.867	
642.670	
642.472	
642.275	
642.078	
641.880	
641.683	
641.486	
641.289	
641.091	
640.894	
640.697	
640.499	
640.302	
640.105	
639.907	
639.710	
639.513	
639.315	
639.118	
638.921	
638.723	
638.526	
638.329	
638.131	
637.934	
637.737	
637.539	
637.342	
637.145	
636.947	
636.750	
636.553	
636.355	
636.158	
635.961	
635.763	
635.566	
635.369	
635.171	
634.974	
634.777	
634.579	
634.382	
634.185	
633.987	
633.790	
633.593	
633.395	
633.198	
633.001	
632.803	
632.606	
632.409	
632.211	
632.014	
631.817	
631.620	
631.422	
631.225	
631.028	
630.830	
630.633	
630.436	
630.238	
630.041	
629.844	
629.646	
629.449	
629.252	
629.054	
628.857	
628.660	
628.462	
628.265	
628.068	
627.870	
627.673	
627.476	
627.278	
627.081	
626.884	
626.686	
626.489	
626.292	
626.094	
625.897	
625.700	
625.502	
625.305	
625.108	
624.910	
624.713	
624.516	
624.318	
624.121	
623.924	
623.726	
623.529	
623.332	
623.134	
622.937	
622.740	
622.542	
622.345	
622.148	
621.951	
621.753	
621.556	
621.359	
621.161	
620.964	
620.767	
620.569	
620.372	
620.175	
619.977	
619.780	
619.583	
619.385	
619.188	
618.991	
618.793	
618.596	
618.399	
618.201	
618.004	
617.807	
617.609	
617.412	
617.215	
617.017	
616.820	
616.623	
616.425	
616.228	
616.031	
615.833	
615.636	
615.439	
615.241	
615.044	
614.847	
614.649	
614.452	
614.255	
614.057	
613.860	
613.663	
613.465	
613.268	
613.071	
612.873	
612.676	
612.479	
612.281	
612.084	
611.887	
611.689	
611.492	
611.295	
611.098	
610.900	
610.703	
610.506	
610.308	
610.111	
609.914	
609.716	
609.519	
609.322	
609.124	
608.927	
608.730	
608.532	
608.335	
608.138	
607.940	
607.743	
607.546	
607.348	
607.151	
606.954	
606.756	
606.559	
606.362	
606.164	
605.967	
605.770	
605.572	
605.375	
605.178	
604.980	
604.783	
604.586	
604.388	
604.191	
603.994	
603.796	
603.599	
603.402	
603.204	
603.007	
602.810	
602.612	
602.415	
602.218	
602.020	
601.823	
601.626	
601.429	
601.231	
601.034	
600.837	
600.639	
600.442	
600.245	
600.047	
599.850	
599.653	
599.455	
599.258	
599.061	
598.863	
598.666	
598.469	
598.271	
598.074	
597.877	
597.679	
597.482	
597.285	
597.087	
596.890	
596.693	
596.495	
596.298	
596.101	
595.903	
595.706	
595.509	
595.311	
595.114	
594.917	
594.719	
594.522	
594.325	
594.127	
593.930	
593.733	
593.535	
593.338	
593.141	
592.943	
592.746	
592.549	
592.351	
592.154	
591.957	
591.760	
591.562	
591.365	
591.168	
590.970	
590.773	
590.576	
590.378	
590.181	
589.984	
589.786	
589.589	
589.392	
589.194	
588.997	
588.800	
588.602	
588.405	
588.208	
588.010	
587.813	
587.616	
587.418	
587.221	
587.024	
586.826	
586.629	
586.432	
586.234	
586.037	
585.840	
585.642	
585.445	
585.248	
585.050	
584.853	
584.656	
584.458	
584.261	
584.064	
583.866	
583.669	
583.472	
583.274	
583.077	
582.880	
582.682	
582.485	
582.288	
582.091	
581.893	
581.696	
581.499	
581.301	
581.104	
580.907	
580.709	
580.512	
580.315	
580.117	
579.920	
579.723	
579.525	
579.328	
579.131	
578.933	
578.736	
578.539	
578.341	
578.144	
577.947	
577.749	
577.552	
577.355	
577.157	
576.960	
576.767	
576.574	
576.381	
576.188	
575.995	
575.802	
575.609	
575.415	
575.222	
575.029	
574.836	
574.643	
574.450	
574.257	
574.064	
573.871	
573.678	
573.485	
573.292	
573.099	
572.906	
572.713	
572.520	
572.327	
572.133	
571.940	
571.747	
571.554	
571.361	
571.168	
570.975	
570.782	
570.589	
570.396	
570.203	
570.010	
569.817	
569.624	
569.431	
569.237	
569.044	
568.851	
568.658	
568.465	
568.272	
568.079	
567.886	
567.693	
567.500	
567.307	
567.114	
566.921	
566.728	
566.535	
566.342	
566.149	
565.955	
565.762	
565.569	
565.376	
565.183	
564.990	
564.797	
564.604	
564.411	
564.218	
564.025	
563.832	
563.639	
563.446	
563.253	
563.059	
562.866	
562.673	
562.480	
562.287	
562.094	
561.901	
561.708	
561.515	
561.322	
561.129	
560.936	
560.743	
560.550	
560.357	
560.164	
559.971	
559.777	
559.584	
559.391	
559.198	
559.005	
558.812	
558.619	
558.426	
558.233	
558.040	
557.847	
557.654	
557.461	
557.268	
557.075	
556.881	
556.688	
556.495	
556.302	
556.109	
555.916	
555.723	
555.530	
555.337	
555.144	
554.951	
554.758	
554.565	
554.372	
554.179	
553.986	
553.793	
553.599	
553.406	
553.213	
553.020	
552.827	
552.634	
552.441	
552.248	
552.055	
551.862	
551.669	
551.476	
551.283	
551.090	
550.897	
550.703	
550.510	
550.317	
550.124	
549.931	
549.738	
549.545	
549.352	
549.159	
548.966	
548.773	
548.580	
548.387	
548.194	
548.001	
547.808	
547.615	
547.421	
547.228	
547.035	
546.842	
546.649	
546.456	
546.263	
546.070	
545.882	
545.694	
545.507	
545.319	
545.131	
544.943	
544.755	
544.568	
544.380	
544.192	
544.004	
543.817	
543.629	
543.441	
543.253	
543.065	
542.878	
542.690	
542.502	
542.314	
542.127	
541.939	
541.751	
541.563	
541.375	
541.188	
541.000	
540.812	
540.624	
540.436	
540.249	
540.061	
539.873	
539.685	
539.498	
539.310	
539.122	
538.934	
538.746	
538.559	
538.371	
538.183	
537.995	
537.807	
537.620	
537.432	
537.244	
537.056	
536.869	
536.681	
536.493	
536.305	
536.117	
535.930	
535.742	
535.554	
535.366	
535.178	
534.991	
534.803	
534.615	
534.427	
534.240	
534.052	
533.864	
533.676	
533.488	
533.301	
533.113	
532.925	
532.737	
532.549	
532.362	
532.174	
531.986	
531.798	
531.611	
531.423	
531.235	
531.047	
530.859	
530.672	
530.484	
530.296	
530.108	
529.920	
529.733	
529.545	
529.357	
529.169	
528.982	
528.794	
528.606	
528.418	
528.230	
528.043	
527.855	
527.667	
527.479	
527.291	
527.104	
526.916	
526.728	
526.540	
526.353	
526.165	
525.977	
525.789	
525.601	
525.414	
525.226	
525.038	
524.850	
524.662	
524.475	
524.287	
524.099	
523.911	
523.724	
523.536	
523.348	
523.160	
522.972	
522.785	
522.597	
522.409	
522.221	
522.033	
521.846	
521.658	
521.470	
521.282	
521.095	
520.907	
520.719	
520.531	
520.343	
520.156	
519.968	
519.780	
519.592	
519.404	
519.217	
519.029	
518.841	
518.653	
518.466	
518.278	
518.090	
517.902	
517.714	
517.527	
517.339	
517.151	
516.963	
516.775	
516.588	
516.400	
516.212	
516.024	
515.837	
515.649	
515.461	
515.273	
515.085	
514.898	
514.710	
514.522	
514.334	
514.146	
513.959	
513.771	
513.583	
513.395	
513.208	
513.020	
512.832	
512.644	
512.456	
512.269	
512.081	
511.893	
511.705	
511.517	
511.330	
511.142	
510.954	
510.766	
510.579	
510.391	
510.203	
510.015	
509.827	
509.640	
509.452	
509.264	
509.076	
508.889	
508.701	
508.513	
508.325	
508.137	
507.950	
507.762	
507.574	
507.386	
507.198	
507.011	
506.823	
506.635	
506.447	
506.260	
506.072	
505.884	
505.696	
505.508	
505.321	
505.133	
504.945	
504.757	
504.569	
504.382	
504.194	
504.006	
503.818	
503.631	
503.443	
503.255	
503.067	
502.879	
502.692	
502.504	
502.316	
502.128	
501.940	
501.753	
501.565	
501.377	
501.189	
501.002	
500.814	
500.626	
500.438	
500.250	
500.063	
499.875	
499.687	
499.499	
499.311	
499.124	
498.936	
498.748	
498.560	
498.373	
498.185	
497.997	
497.809	
497.621	
497.434	
497.246	
497.058	
496.870	
496.682	
496.495	
496.307	
496.119	
495.931	
495.744	
495.556	
495.368	
495.180	
494.992	
494.805	
494.617	
494.429	
494.241	
494.053	
493.866	
493.678	
493.490	
493.302	
493.115	
492.927	
492.739	
492.551	
492.363	
492.176	
491.988	
491.800	
491.612	
491.424	
491.237	
491.049	
490.861	
490.673	
490.486	
490.298	
490.110	
489.922	
489.734	
489.547	
489.359	
489.171	
488.983	
488.795	
488.608	
488.420	
488.232	
488.044	
487.857	
487.669	
487.481	
487.293	
487.105	
486.918	
486.730	
486.542	
486.354	
486.166	
485.979	
485.791	
485.603	
485.415	
485.228	
485.040	
484.852	
484.664	
484.476	
484.289	
484.101	
483.913	
483.725	
483.537	
483.350	
483.162	
482.974	
482.786	
482.599	
482.411	
482.223	
482.035	
481.847	
481.660	
481.472	
481.284	
481.096	
480.908	
480.721	
480.533	
480.345	
480.157	
479.970	
479.782	
479.594	
479.406	
479.218	
479.031	
478.843	
478.655	
478.467	
478.279	
478.092	
477.904	
477.716	
477.528	
477.341	
477.153	
476.965	
476.777	
476.589	
476.402	
476.214	
476.026	
475.838	
475.650	
475.463	
475.275	
475.087	
474.899	
474.712	
474.524	
474.336	
474.148	
473.960	
473.773	
473.585	
473.397	
473.209	
473.022	
472.834	
472.646	
472.458	
472.270	
472.083	
471.895	
471.707	
471.519	
471.331	
471.144	
470.956	
470.768	
470.580	
470.392	
470.205	
470.017	
469.829	
469.641	
469.454	
469.266	
469.078	
468.890	
468.702	
468.515	
468.327	
468.139	
467.951	
467.764	
467.576	
467.388	
467.200	
467.012	
466.825	
466.637	
466.449	
466.261	
466.073	
465.886	
465.698	
465.510	
465.322	
465.135	
464.947	
464.759	
464.571	
464.383	
464.196	
464.008	
463.820	
463.632	
463.444	
463.257	
463.069	
462.881	
462.693	
462.506	
462.318	
462.130	
461.942	
461.754	
461.567	
461.379	
461.191	
461.003	
460.815	
460.628	
460.440	
460.252	
460.064	
459.877	
459.689	
459.501	
459.313	
459.125	
458.938	
458.750	
458.562	
458.374	
458.186	
457.999	
457.811	
457.623	
457.435	
457.248	
457.060	
456.872	
456.684	
456.496	
456.309	
456.121	
455.933	
455.745	
455.557	
455.370	
455.182	
454.994	
454.806	
454.619	
454.431	
454.243	
454.055	
453.867	
453.680	
453.492	
453.304	
453.116	
452.928	
452.741	
452.553	
452.365	
452.177	
451.990	
451.802	
451.614	
451.426	
451.238	
451.051	
450.863	
450.675	
450.487	
450.299	
450.112	
449.924	
449.736	
449.548	
449.361	
449.173	
448.985	
448.797	
448.609	
448.422	
448.234	
448.046	
447.858	
447.670	
447.483	
447.295	
447.107	
446.919	
446.732	
446.544	
446.356	
446.168	
445.980	
445.793	
445.605	
445.417	
445.229	
445.041	
444.854	
444.666	
444.478	
444.290	
444.103	
443.915	
443.727	
443.539	
443.351	
443.164	
442.976	
442.788	
442.600	
442.412	
442.225	
442.037	
441.849	
441.661	
441.474	
441.286	
441.098	
440.910	
440.722	
440.535	
440.347	
440.159	
439.971	
439.783	
439.596	
439.408	
439.220	
439.032	
438.845	
438.657	
438.469	
438.281	
438.093	
437.906	
437.718	
437.530	
437.342	
437.154	
436.967	
436.779	
436.591	
436.403	
436.216	
436.028	
435.840	
435.658	
435.475	
435.293	
435.111	
434.928	
434.746	
434.564	
434.381	
434.199	
434.017	
433.834	
433.652	
433.470	
433.287	
433.105	
432.923	
432.740	
432.558	
432.376	
432.193	
432.011	
431.829	
431.646	
431.464	
431.282	
431.099	
430.917	
430.735	
430.552	
430.370	
430.187	
430.005	
429.823	
429.640	
429.458	
429.276	
429.093	
428.911	
428.729	
428.546	
428.364	
428.182	
427.999	
427.817	
427.635	
427.452	
427.270	
427.088	
426.905	
426.723	
426.541	
426.358	
426.176	
425.994	
425.811	
425.629	
425.447	
425.264	
425.082	
424.900	
424.717	
424.535	
424.353	
424.170	
423.988	
423.806	
423.623	
423.441	
423.259	
423.076	
422.894	
422.712	
422.529	
422.347	
422.165	
421.982	
421.800	
421.618	
421.435	
421.253	
421.071	
420.888	
420.706	
420.524	
420.341	
420.159	
419.976	
419.794	
419.612	
419.429	
419.247	
419.065	
418.882	
418.700	
418.518	
418.335	
418.153	
417.971	
417.788	
417.606	
417.424	
417.241	
417.059	
416.877	
416.694	
416.512	
416.330	
416.147	
415.965	
415.783	
415.600	
415.418	
415.236	
415.053	
414.871	
414.689	
414.506	
414.324	
414.142	
413.959	
413.777	
413.595	
413.412	
413.230	
413.048	
412.865	
412.683	
412.501	
412.318	
412.136	
411.954	
411.771	
411.589	
411.407	
411.224	
411.042	
410.860	
410.677	
410.495	
410.313	
410.130	
409.948	
409.765	
409.583	
409.401	
409.218	
409.036	
408.854	
408.671	
408.489	
408.307	
408.124	
407.942	
407.760	
407.577	
407.395	
407.213	
407.030	
406.848	
406.666	
406.483	
406.301	
406.119	
405.936	
405.754	
405.572	
405.389	
405.207	
405.025	
404.842	
404.660	
404.483	
404.305	
404.128	
403.951	
403.774	
403.596	
403.419	
403.242	
403.064	
402.887	
402.710	
402.533	
402.355	
402.178	
402.001	
401.823	
401.646	
401.469	
401.292	
401.114	
400.937	
400.760	
400.582	
400.405	
400.228	
400.051	
399.873	
399.696	
399.519	
399.341	
399.164	
398.987	
398.810	
398.632	
398.455	
398.278	
398.100	
397.923	
397.746	
397.569	
397.391	
397.214	
397.037	
396.859	
396.682	
396.505	
396.328	
396.150	
395.973	
395.796	
395.618	
395.441	
395.264	
395.087	
394.909	
394.732	
394.555	
394.377	
394.200	
394.023	
393.846	
393.668	
393.491	
393.314	
393.136	
392.959	
392.782	
392.605	
392.427	
392.250	
392.073	
391.895	
391.718	
391.541	
391.364	
391.186	
391.009	
390.832	
390.654	
390.477	
390.300	
390.123	
389.945	
389.768	
389.591	
389.413	
389.236	
389.059	
388.882	
388.704	
388.527	
388.350	
388.172	
387.995	
387.818	
387.641	
387.463	
387.286	
387.109	
386.931	
386.754	
386.577	
386.400	
386.222	
386.045	
385.868	
385.690	
385.513	
385.336	
385.159	
384.981	
384.804	
384.627	
384.450	
384.272	
384.095	
383.918	
383.740	
383.563	
383.386	
383.209	
383.031	
382.854	
382.677	
382.499	
382.322	
382.145	
381.968	
381.790	
381.613	
381.436	
381.258	
381.081	
380.904	
380.727	
380.549	
380.372	
380.195	
380.017	
379.840	
379.663	
379.486	
379.308	
379.131	
378.954	
378.776	
378.599	
378.422	
378.245	
378.067	
377.890	
377.713	
377.535	
377.358	
377.181	
377.004	
376.826	
376.649	
376.472	
376.294	
376.117	
375.940	
375.763	
375.585	
375.408	
375.231	
375.053	
374.876	
374.699	
374.522	
374.344	
374.167	
373.990	
373.812	
373.635	
373.458	
373.281	
373.103	
372.926	
372.749	
372.571	
372.394	
372.217	
372.040	
371.862	
371.685	
371.508	
371.330	
371.153	
370.976	
370.799	
370.621	
370.444	
370.267	
370.089	
369.912	
369.735	
369.558	
369.380	
369.203	
369.026	
368.848	
368.671	
368.494	
368.317	
368.139	
367.962	
367.785	
367.607	
367.430	
367.253	
367.076	
366.898	
366.721	
366.544	
366.366	
366.189	
366.012	
365.835	
365.657	
365.480	
365.304	
365.129	
364.953	
364.778	
364.602	
364.427	
364.251	
364.076	
363.900	
363.725	
363.549	
363.374	
363.198	
363.022	
362.847	
362.671	
362.496	
362.320	
362.145	
361.969	
361.794	
361.618	
361.443	
361.267	
361.092	
360.916	
360.741	
360.565	
360.389	
360.214	
360.038	
359.863	
359.687	
359.512	
359.336	
359.161	
358.985	
358.810	
358.634	
358.459	
358.283	
358.107	
357.932	
357.756	
357.581	
357.405	
357.230	
357.054	
356.879	
356.703	
356.528	
356.352	
356.177	
356.001	
355.825	
355.650	
355.474	
355.299	
355.123	
354.948	
354.772	
354.597	
354.421	
354.246	
354.070	
353.895	
353.719	
353.543	
353.368	
353.192	
353.017	
352.841	
352.666	
352.490	
352.315	
352.139	
351.964	
351.788	
351.613	
351.437	
351.262	
351.086	
350.910	
350.735	
350.559	
350.384	
350.208	
350.033	
349.857	
349.682	
349.506	
349.331	
349.155	
348.980	
348.804	
348.628	
348.453	
348.277	
348.102	
347.926	
347.751	
347.575	
347.400	
347.224	
347.049	
346.873	
346.698	
346.522	
346.346	
346.171	
345.995	
345.820	
345.644	
345.469	
345.293	
345.118	
344.942	
344.767	
344.591	
344.416	
344.240	
344.065	
343.889	
343.713	
343.538	
343.362	
343.187	
343.011	
342.836	
342.660	
342.485	
342.309	
342.134	
341.958	
341.783	
341.607	
341.431	
341.256	
341.080	
340.905	
340.729	
340.554	
340.378	
340.203	
340.027	
339.852	
339.676	
339.501	
339.325	
339.149	
338.974	
338.798	
338.623	
338.447	
338.272	
338.096	
337.921	
337.745	
337.570	
337.394	
337.219	
337.043	
336.867	
336.692	
336.516	
336.341	
336.165	
335.990	
335.814	
335.639	
335.463	
335.288	
335.112	
334.937	
334.761	
334.586	
334.410	
334.234	
334.059	
333.883	
333.708	
333.532	
333.357	
333.181	
333.006	
332.830	
332.655	
332.479	
332.304	
332.128	
331.952	
331.777	
331.601	
331.426	
331.250	
331.075	
330.899	
330.724	
330.548	
330.373	
330.197	
330.022	
329.846	
329.670	
329.495	
329.319	
329.144	
328.968	
328.793	
328.617	
328.442	
328.266	
328.091	
327.915	
327.740	
327.564	
327.388	
327.213	
327.037	
326.862	
326.686	
326.511	
326.335	
326.160	
325.984	
325.809	
325.633	
325.458	
325.282	
325.107	
324.931	
324.755	
324.580	
324.404	
324.229	
324.053	
323.878	
323.702	
323.527	
323.351	
323.176	
323.000	
322.825	
322.649	
322.473	
322.298	
322.122	
321.947	
321.771	
321.596	
321.420	
321.245	
321.069	
320.894	
320.718	
320.543	
320.367	
320.191	
320.016	
319.840	
319.665	
319.489	
319.314	
319.138	
318.963	
318.787	
318.612	
318.436	
318.261	
318.085	
317.909	
317.734	
317.558	
317.383	
317.207	
317.032	
316.856	
316.681	
316.505	
316.330	
316.154	
315.979	
315.803	
315.628	
315.452	
315.276	
315.101	
314.925	
314.750	
314.574	
314.399	
314.223	
314.048	
313.872	
313.697	
313.521	
313.346	
313.170	
313.000	
312.831	
312.661	
312.492	
312.322	
312.153	
311.983	
311.813	
311.644	
311.474	
311.305	
311.135	
310.966	
310.796	
310.626	
310.457	
310.287	
310.118	
309.948	
309.779	
309.609	
309.439	
309.270	
309.100	
308.931	
308.761	
308.592	
308.422	
308.252	
308.083	
307.913	
307.744	
307.574	
307.405	
307.235	
307.065	
306.896	
306.726	
306.557	
306.387	
306.218	
306.048	
305.878	
305.709	
305.539	
305.370	
305.200	
305.031	
304.861	
304.691	
304.522	
304.352	
304.183	
304.013	
303.844	
303.674	
303.504	
303.335	
303.165	
302.996	
302.826	
302.656	
302.487	
302.317	
302.148	
301.978	
301.809	
301.639	
301.469	
301.300	
301.130	
300.961	
300.791	
300.622	
300.452	
300.282	
300.113	
299.943	
299.774	
299.604	
299.435	
299.265	
299.095	
298.926	
298.756	
298.587	
298.417	
298.248	
298.078	
297.908	
297.739	
297.569	
297.400	
297.230	
297.061	
296.891	
296.721	
296.552	
296.382	
296.213	
296.043	
295.874	
295.704	
295.534	
295.365	
295.195	
295.026	
294.856	
294.687	
294.517	
294.347	
294.178	
294.008	
293.839	
293.669	
293.500	
293.330	
293.160	
292.991	
292.821	
292.652	
292.482	
292.313	
292.143	
291.973	
291.804	
291.634	
291.465	
291.295	
291.126	
290.956	
290.786	
290.617	
290.447	
290.278	
290.108	
289.939	
289.769	
289.599	
289.430	
289.260	
289.091	
288.921	
288.752	
288.582	
288.412	
288.243	
288.073	
287.904	
287.734	
287.565	
287.395	
287.225	
287.056	
286.886	
286.717	
286.547	
286.378	
286.208	
286.038	
285.869	
285.699	
285.530	
285.360	
285.191	
285.021	
284.851	
284.682	
284.512	
284.343	
284.173	
284.003	
283.834	
283.664	
283.495	
283.325	
283.156	
282.986	
282.817	
282.647	
282.477	
282.308	
282.138	
281.969	
281.799	
281.629	
281.460	
281.290	
281.121	
280.951	
280.782	
280.612	
280.442	
280.273	
280.103	
279.934	
279.764	
279.595	
279.425	
279.255	
279.086	
278.916	
278.747	
278.577	
278.408	
278.238	
278.068	
277.899	
277.729	
277.560	
277.390	
277.221	
277.051	
276.881	
276.712	
276.542	
276.373	
276.203	
276.034	
275.864	
275.694	
275.525	
275.355	
275.186	
275.016	
274.847	
274.677	
274.507	
274.338	
274.168	
273.999	
273.829	
273.660	
273.490	
273.320	
273.151	
272.981	
272.812	
272.642	
272.473	
272.303	
272.133	
271.964	
271.794	
271.625	
271.455	
271.286	
271.116	
270.946	
270.777	
270.607	
270.438	
270.268	
270.099	
269.929	
269.759	
269.590	
269.420	
269.251	
269.081	
268.912	
268.742	
268.572	
268.403	
268.233	
268.064	
267.894	
267.725	
267.555	
267.385	
267.216	
267.046	
266.877	
266.707	
266.538	
266.368	
266.198	
266.029	
265.859	
265.690	
265.520	
265.351	
265.181	
265.011	
264.842	
264.672	
264.503	
264.333	
264.164	
263.994	
263.824	
263.655	
263.485	
263.316	
263.146	
262.976	
262.807	
262.637	
262.468	
262.298	
262.129	
261.959	
261.789	
261.620	
261.450	
261.281	
261.111	
260.942	
260.772	
260.602	
260.433	
260.263	
260.094	
259.924	
259.755	
259.585	
259.415	
259.246	
259.076	
258.907	
258.737	
258.568	
258.398	
258.228	
258.059	
257.889	
257.720	
257.550	
257.381	
257.211	
257.041	
256.872	
256.702	
256.533	
256.363	
256.194	
256.024	
255.854	
255.685	
255.515	
255.346	
255.176	
255.007	
254.837	
254.667	
254.498	
254.328	
254.159	
253.989	
253.820	
253.650	
253.465	
253.280	
253.095	
252.910	
252.726	
252.541	
252.356	
252.171	
251.986	
251.801	
251.616	
251.431	
251.246	
251.061	
250.877	
250.692	
250.507	
250.322	
250.137	
249.952	
249.767	
249.582	
249.397	
249.213	
249.028	
248.843	
248.658	
248.473	
248.288	
248.103	
247.918	
247.733	
247.548	
247.364	
247.179	
246.994	
246.809	
246.624	
246.439	
246.254	
246.069	
245.884	
245.700	
245.515	
245.330	
245.145	
244.960	
244.775	
244.590	
244.405	
244.220	
244.035	
243.851	
243.666	

1.000	
1.000	
1.000	
1.000	
1.000	
1.000	
1.000	
1.000	
1.000	
1.000	
1.000	
1.000	
1.000	
1.000	
1.000	
1.000	
1.000	
1.000	
1.000	
1.000	
1.000	
1.000	
1.000	
1.000	
1.000	
1.000	
1.000	
1.000	
1.000	
1.000	
1.000	
1.000	
1.000	
1.000	
1.000	
1.000	
1.000	
1.000	
1.000	
1.000	
1.000	
1.000	
1.000	
1.000	
1.000	
1.000	
1.000	
1.000	
1.000	
1.000	
1.000	
1.000	
1.000	
1.000	
1.000	
1.000	
1.000	
1.000	
1.000	
1.000	
1.000	
1.000	
1.000	
1.000	
1.000	
1.000	
1.000	
1.000	
1.000	
1.000	
1.000	
1.000	
1.000	
1.000	
1.000	
1.000	
1.000	
1.000	
1.000	
1.000	
1.000	
1.000	
1.000	
1.000	
1.000	
1.000	
1.000	
1.000	
1.000	
1.000	
1.000	
1.000	
1.000	
1.000	
1.000	
1.000	
1.000	
1.000	
1.000	
1.000	
1.000	
1.000	
1.000	
1.000	
1.000	
1.000	
1.000	
1.000	
1.000	
1.000	
1.000	
1.000	
1.000	
1.000	
1.000	
1.000	
1.000	
1.000	
1.000	
1.000	
1.000	
1.000	
1.000	
1.000	
1.000	
1.000	
1.000	
1.000	
1.000	
1.000	
1.000	
1.000	
1.000	
1.000	
1.000	
1.000	
1.000	
1.000	
1.000	
1.000	
1.000	
1.000	
1.000	
1.000	
1.000	
1.000	
1.000	
1.000	
1.000	
1.000	
1.000	
1.000	
1.000	
1.000	
1.000	
1.000	
1.000	
1.000	
1.000	
1.000	
1.000	
1.000	
1.000	
1.000	
1.000	
1.000	
1.000	
1.000	
1.000	
1.000	
1.000	
1.000	
1.000	
1.000	
1.000	
1.000	
1.000	
1.000	
1.000	
1.000	
1.000	
1.000	
1.000	
1.000	
1.000	
1.000	
1.000	
1.000	
1.000	
1.000	
1.000	
1.000	
1.000	
1.000	
1.000	
1.000	
1.000	
1.000	
1.000	
1.000	
1.000	
1.000	
1.000	
1.000	
1.000	
1.000	
1.000	
1.000	
1.000	
1.000	
1.000	
1.000	
1.000	
1.000	
1.000	
1.000	
1.000	
1.000	
1.000	
1.000	
1.000	
1.000	
1.000	
1.000	
1.000	
1.000	
1.000	
1.000	
1.000	
1.000	
1.000	
1.000	
1.000	
1.000	
1.000	
1.000	
1.000	
1.000	
1.000	
1.000	
1.000	
1.000	
1.000	
1.000	
1.000	
1.000	
1.000	
1.000	
1.000	
1.000	
1.000	
1.000	
1.000	
1.000	
1.000	
1.000	
1.000	
1.000	
1.000	
1.000	
1.000	
1.000	
1.000	
1.000	
1.000	
1.000	
1.000	
1.000	
1.000	
1.000	
1.000	
1.000	
1.000	
1.000	
1.000	
1.000	
1.000	
1.000	
1.000	
1.000	
1.000	
1.000	
1.000	
1.000	
1.000	
1.000	
1.000	
1.000	
1.000	
1.000	
1.000	
1.000	
1.000	
1.000	
1.000	
1.000	
1.000	
1.000	
1.000	
1.000	
1.000	
1.000	
1.000	
1.000	
1.000	
1.000	
1.000	
1.000	
1.000	
1.000	
1.000	
1.000	
1.000	
1.000	
1.000	
1.000	
1.000	
1.000	
1.000	
1.000	
1.000	
1.000	
1.000	
1.000	
1.000	
1.000	
1.000	
1.000	
1.000	
1.000	
1.000	
1.000	
1.000	
1.000	
1.000	
1.000	
1.000	
1.000	
1.000	
1.000	
1.000	
1.000	
1.000	
1.000	
1.000	
1.000	
1.000	
1.000	
1.000	
1.000	
1.000	
1.000	
1.000	
1.000	
1.000	
1.000	
1.000	
1.000	
1.000	
1.000	
1.000	
1.000	
1.000	
1.000	
1.000	
1.000	
1.000	
1.000	
1.000	
1.000	
1.000	
1.000	
1.000	
1.000	
1.000	
1.000	
1.000	
1.000	
1.000	
1.000	
1.000	
1.000	
1.000	
1.000	
1.000	
1.000	
1.000	
1.000	
1.000	
1.000	
1.000	
1.000	
1.000	
1.000	
1.000	
1.000	
1.000	
1.000	
1.000	
1.000	
1.000	
1.000	
1.000	
1.000	
1.000	
1.000	
1.000	
1.000	
1.000	
1.000	
1.000	
1.000	
1.000	
1.000	
1.000	
1.000	
1.000	
1.000	
1.000	
1.000	
1.000	
1.000	
1.000	
1.000	
1.000	
1.000	
1.000	
1.000	
1.000	
1.000	
1.000	
1.000	
1.000	
1.000	
1.000	
1.000	
1.000	
1.000	
1.000	
1.000	
1.000	
1.000	
1.000	
1.000	
1.000	
1.000	
1.000	
1.000	
1.000	
1.000	
1.000	
1.000	
1.000	
1.000	
1.000	
1.000	
1.000	
1.000	
1.000	
1.000	
1.000	
1.000	
1.000	
1.000	
1.000	
1.000	
1.000	
1.000	
1.000	
1.002	
1.002	
1.002	
1.002	
1.002	
1.002	
1.002	
1.002	
1.002	
1.002	
1.002	
1.003	
1.003	
1.003	
1.002	
1.002	
1.003	
1.003	
1.003	
1.003	
1.003	
1.003	
1.003	
1.003	
1.002	
1.002	
1.002	
1.003	
1.003	
1.003	
1.003	
1.003	
1.003	
1.003	
1.004	
1.004	
1.004	
1.004	
1.004	
1.004	
1.004	
1.004	
1.004	
1.004	
1.004	
1.003	
1.003	
1.003	
1.003	
1.003	
1.003	
1.002	
1.002	
1.002	
1.002	
1.002	
1.002	
1.002	
1.002	
1.002	
1.002	
1.002	
1.002	
1.002	
1.002	
1.002	
1.002	
1.002	
1.002	
1.002	
1.001	
1.001	
1.001	
1.001	
1.001	
1.001	
1.001	
1.001	
1.000	
1.000	
1.000	
0.999	
0.999	
0.999	
0.999	
0.999	
0.998	
0.998	
0.998	
0.998	
0.997	
0.997	
0.997	
0.997	
0.996	
0.996	
0.995	
0.995	
0.995	
0.994	
0.994	
0.993	
0.993	
0.992	
0.992	
0.991	
0.991	
0.990	
0.990	
0.990	
0.989	
0.989	
0.989	
0.988	
0.988	
0.988	
0.988	
0.988	
0.988	
0.988	
0.988	
0.988	
0.989	
0.989	
0.988	
0.988	
0.988	
0.988	
0.988	
0.988	
0.988	
0.988	
0.988	
0.987	
0.988	
0.987	
0.987	
0.988	
0.987	
0.987	
0.987	
0.987	
0.987	
0.987	
0.986	
0.986	
0.986	
0.986	
0.986	
0.986	
0.986	
0.986	
0.986	
0.985	
0.985	
0.985	
0.985	
0.985	
0.985	
0.985	
0.985	
0.985	
0.985	
0.986	
0.986	
0.986	
0.986	
0.986	
0.986	
0.986	
0.986	
0.986	
0.986	
0.986	
0.986	
0.986	
0.986	
0.986	
0.986	
0.986	
0.986	
0.986	
0.985	
0.985	
0.985	
0.985	
0.985	
0.985	
0.986	
0.986	
0.986	
0.986	
0.986	
0.986	
0.986	
0.986	
0.986	
0.986	
0.986	
0.986	
0.986	
0.987	
0.987	
0.987	
0.987	
0.987	
0.987	
0.987	
0.988	
0.988	
0.988	
0.988	
0.988	
0.988	
0.988	
0.988	
0.989	
0.989	
0.989	
0.989	
0.989	
0.989	
0.989	
0.989	
0.989	
0.989	
0.989	
0.989	
0.989	
0.989	
0.990	
0.990	
0.990	
0.990	
0.990	
0.991	
0.991	
0.991	
0.991	
0.991	
0.991	
0.992	
0.992	
0.992	
0.992	
0.993	
0.993	
0.993	
0.993	
0.993	
0.993	
0.993	
0.993	
0.993	
0.993	
0.993	
0.993	
0.994	
0.994	
0.994	
0.994	
0.994	
0.994	
0.994	
0.995	
0.995	
0.995	
0.995	
0.995	
0.995	
0.995	
0.995	
0.995	
0.995	
0.995	
0.995	
0.995	
0.995	
0.995	
0.995	
0.996	
0.996	
0.996	
0.996	
0.996	
0.996	
0.996	
0.996	
0.996	
0.996	
0.996	
0.996	
0.996	
0.996	
0.995	
0.995	
0.995	
0.995	
0.995	
0.995	
0.995	
0.995	
0.995	
0.995	
0.995	
0.995	
0.995	
0.996	
0.996	
0.996	
0.996	
0.996	
0.997	
0.997	
0.997	
0.997	
0.997	
0.998	
0.998	
0.998	
0.998	
0.998	
0.998	
0.998	
0.998	
0.998	
0.998	
0.998	
0.998	
0.997	
0.997	
0.997	
0.996	
0.996	
0.995	
0.995	
0.995	
0.994	
0.994	
0.994	
0.993	
0.993	
0.993	
0.993	
0.993	
0.993	
0.992	
0.992	
0.992	
0.992	
0.991	
0.991	
0.990	
0.990	
0.990	
0.990	
0.989	
0.989	
0.988	
0.988	
0.988	
0.988	
0.987	
0.987	
0.987	
0.987	
0.987	
0.986	
0.986	
0.986	
0.986	
0.986	
0.985	
0.985	
0.985	
0.984	
0.984	
0.984	
0.984	
0.984	
0.983	
0.983	
0.983	
0.983	
0.983	
0.983	
0.982	
0.982	
0.982	
0.982	
0.982	
0.982	
0.982	
0.982	
0.982	
0.981	
0.981	
0.981	
0.981	
0.981	
0.981	
0.981	
0.981	
0.982	
0.982	
0.981	
0.981	
0.981	
0.982	
0.982	
0.982	
0.982	
0.982	
0.982	
0.982	
0.982	
0.982	
0.982	
0.983	
0.983	
0.983	
0.983	
0.984	
0.984	
0.984	
0.984	
0.985	
0.985	
0.985	
0.985	
0.985	
0.986	
0.986	
0.986	
0.987	
0.987	
0.987	
0.987	
0.988	
0.988	
0.988	
0.989	
0.989	
0.989	
0.990	
0.990	
0.990	
0.991	
0.992	
0.992	
0.992	
0.993	
0.993	
0.994	
0.994	
0.995	
0.995	
0.996	
0.996	
0.996	
0.997	
0.997	
0.998	
0.998	
0.998	
0.999	
0.999	
1.000	
1.000	
1.001	
1.001	
1.002	
1.003	
1.003	
1.003	
1.004	
1.004	
1.005	
1.006	
1.006	
1.007	
1.007	
1.008	
1.008	
1.009	
1.009	
1.010	
1.010	
1.011	
1.012	
1.012	
1.013	
1.013	
1.014	
1.014	
1.015	
1.015	
1.015	
1.016	
1.016	
1.017	
1.017	
1.018	
1.018	
1.018	
1.019	
1.019	
1.020	
1.021	
1.021	
1.021	
1.022	
1.022	
1.022	
1.023	
1.023	
1.023	
1.023	
1.024	
1.024	
1.024	
1.024	
1.025	
1.025	
1.025	
1.025	
1.025	
1.025	
1.025	
1.026	
1.026	
1.026	
1.026	
1.026	
1.026	
1.026	
1.026	
1.026	
1.026	
1.026	
1.026	
1.026	
1.026	
1.026	
1.025	
1.025	
1.025	
1.024	
1.024	
1.023	
1.023	
1.022	
1.022	
1.021	
1.021	
1.020	
1.020	
1.019	
1.019	
1.019	
1.018	
1.018	
1.017	
1.017	
1.016	
1.015	
1.015	
1.015	
1.014	
1.014	
1.013	
1.013	
1.012	
1.011	
1.011	
1.010	
1.010	
1.009	
1.009	
1.008	
1.007	
1.007	
1.006	
1.005	
1.005	
1.004	
1.003	
1.003	
1.002	
1.001	
1.001	
1.000	
0.999	
0.999	
0.998	
0.997	
0.996	
0.996	
0.995	
0.994	
0.993	
0.993	
0.992	
0.991	
0.991	
0.990	
0.990	
0.989	
0.989	
0.988	
0.988	
0.988	
0.987	
0.987	
0.987	
0.987	
0.987	
0.986	
0.986	
0.986	
0.986	
0.986	
0.986	
0.986	
0.986	
0.986	
0.986	
0.985	
0.985	
0.985	
0.985	
0.985	
0.984	
0.984	
0.984	
0.984	
0.984	
0.984	
0.983	
0.983	
0.983	
0.983	
0.983	
0.983	
0.982	
0.982	
0.982	
0.982	
0.982	
0.981	
0.981	
0.981	
0.981	
0.980	
0.980	
0.980	
0.980	
0.980	
0.980	
0.979	
0.979	
0.979	
0.979	
0.979	
0.979	
0.979	
0.979	
0.979	
0.979	
0.980	
0.980	
0.980	
0.980	
0.980	
0.981	
0.981	
0.981	
0.981	
0.981	
0.981	
0.982	
0.982	
0.982	
0.982	
0.982	
0.982	
0.982	
0.982	
0.983	
0.983	
0.984	
0.984	
0.984	
0.985	
0.985	
0.985	
0.986	
0.986	
0.986	
0.987	
0.987	
0.987	
0.988	
0.988	
0.989	
0.989	
0.990	
0.990	
0.991	
0.991	
0.992	
0.992	
0.993	
0.993	
0.994	
0.994	
0.995	
0.995	
0.995	
0.996	
0.996	
0.997	
0.998	
0.998	
0.999	
0.999	
1.000	
1.001	
1.001	
1.002	
1.003	
1.003	
1.004	
1.005	
1.005	
1.006	
1.007	
1.007	
1.008	
1.009	
1.009	
1.010	
1.011	
1.011	
1.012	
1.012	
1.013	
1.013	
1.014	
1.014	
1.015	
1.015	
1.016	
1.016	
1.017	
1.017	
1.018	
1.018	
1.019	
1.019	
1.020	
1.021	
1.021	
1.022	
1.022	
1.023	
1.023	
1.023	
1.024	
1.024	
1.025	
1.025	
1.026	
1.026	
1.026	
1.026	
1.027	
1.027	
1.028	
1.028	
1.028	
1.029	
1.029	
1.029	
1.030	
1.030	
1.030	
1.030	
1.030	
1.031	
1.031	
1.031	
1.031	
1.031	
1.031	
1.032	
1.032	
1.032	
1.032	
1.032	
1.032	
1.032	
1.032	
1.032	
1.032	
1.032	
1.032	
1.032	
1.032	
1.032	
1.033	
1.033	
1.033	
1.033	
1.032	
1.032	
1.032	
1.032	
1.032	
1.032	
1.032	
1.031	
1.031	
1.031	
1.030	
1.030	
1.029	
1.028	
1.027	
1.027	
1.026	
1.025	
1.024	
1.023	
1.022	
1.021	
1.021	
1.020	
1.019	
1.018	
1.018	
1.018	
1.017	
1.017	
1.016	
1.016	
1.015	
1.015	
1.015	
1.014	
1.014	
1.014	
1.014	
1.014	
1.013	
1.013	
1.012	
1.012	
1.012	
1.012	
1.011	
1.011	
1.011	
1.011	
1.010	
1.010	
1.010	
1.010	
1.010	
1.009	
1.009	
1.009	
1.008	
1.008	
1.008	
1.007	
1.007	
1.007	
1.006	
1.006	
1.005	
1.005	
1.005	
1.004	
1.004	
1.004	
1.003	
1.003	
1.002	
1.002	
1.002	
1.001	
1.001	
1.001	
1.001	
1.000	
1.000	
1.000	
0.999	
0.999	
0.999	
0.999	
0.999	
0.998	
0.998	
0.998	
0.998	
0.997	
0.997	
0.997	
0.997	
0.997	
0.996	
0.996	
0.996	
0.995	
0.995	
0.995	
0.995	
0.994	
0.994	
0.994	
0.994	
0.994	
0.993	
0.993	
0.993	
0.993	
0.993	
0.993	
0.993	
0.993	
0.993	
0.993	
0.993	
0.993	
0.992	
0.992	
0.992	
0.992	
0.992	
0.992	
0.992	
0.992	
0.992	
0.992	
0.991	
0.991	
0.991	
0.991	
0.991	
0.991	
0.991	
0.991	
0.991	
0.991	
0.991	
0.991	
0.991	
0.991	
0.991	
0.991	
0.991	
0.991	
0.991	
0.991	
0.992	
0.992	
0.992	
0.992	
0.992	
0.992	
0.993	
0.993	
0.993	
0.993	
0.993	
0.993	
0.994	
0.994	
0.994	
0.994	
0.994	
0.994	
0.994	
0.995	
0.995	
0.995	
0.995	
0.996	
0.996	
0.996	
0.996	
0.997	
0.997	
0.997	
0.998	
0.998	
0.998	
0.999	
0.999	
1.000	
1.000	
1.000	
1.001	
1.001	
1.002	
1.002	
1.002	
1.003	
1.003	
1.003	
1.003	
1.004	
1.004	
1.004	
1.005	
1.005	
1.006	
1.006	
1.007	
1.007	
1.008	
1.008	
1.008	
1.009	
1.009	
1.009	
1.010	
1.010	
1.010	
1.010	
1.011	
1.011	
1.011	
1.012	
1.012	
1.013	
1.014	
1.014	
1.015	
1.015	
1.016	
1.017	
1.018	
1.018	
1.019	
1.020	
1.021	
1.021	
1.022	
1.023	
1.024	
1.025	
1.025	
1.026	
1.027	
1.028	
1.028	
1.029	
1.030	
1.031	
1.031	
1.032	
1.032	
1.033	
1.033	
1.034	
1.034	
1.035	
1.035	
1.035	
1.035	
1.036	
1.036	
1.036	
1.037	
1.037	
1.037	
1.037	
1.038	
1.038	
1.038	
1.038	
1.038	
1.039	
1.039	
1.039	
1.039	
1.039	
1.039	
1.039	
1.039	
1.039	
1.039	
1.039	
1.039	
1.039	
1.039	
1.039	
1.038	
1.038	
1.038	
1.037	
1.037	
1.037	
1.036	
1.036	
1.036	
1.035	
1.035	
1.035	
1.034	
1.034	
1.033	
1.033	
1.032	
1.032	
1.031	
1.031	
1.030	
1.030	
1.029	
1.028	
1.028	
1.027	
1.026	
1.026	
1.025	
1.025	
1.024	
1.024	
1.023	
1.022	
1.022	
1.021	
1.020	
1.020	
1.019	
1.018	
1.018	
1.017	
1.016	
1.015	
1.015	
1.014	
1.014	
1.013	
1.012	
1.011	
1.011	
1.010	
1.009	
1.009	
1.008	
1.008	
1.007	
1.007	
1.006	
1.006	
1.006	
1.005	
1.005	
1.005	
1.005	
1.005	
1.004	
1.004	
1.004	
1.003	
1.003	
1.003	
1.003	
1.002	
1.002	
1.002	
1.002	
1.002	
1.001	
1.001	
1.001	
1.001	
1.001	
1.001	
1.001	
1.001	
1.001	
1.002	
1.002	
1.002	
1.002	
1.002	
1.002	
1.002	
1.002	
1.003	
1.003	
1.003	
1.004	
1.004	
1.004	
1.005	
1.005	
1.005	
1.006	
1.006	
1.006	
1.007	
1.007	
1.007	
1.008	
1.008	
1.008	
1.008	
1.009	
1.009	
1.009	
1.010	
1.010	
1.010	
1.011	
1.011	
1.011	
1.012	
1.012	
1.012	
1.013	
1.013	
1.013	
1.014	
1.014	
1.014	
1.015	
1.015	
1.016	
1.016	
1.017	
1.017	
1.017	
1.018	
1.018	
1.019	
1.020	
1.020	
1.021	
1.022	
1.023	
1.023	
1.024	
1.025	
1.026	
1.027	
1.028	
1.029	
1.030	
1.031	
1.031	
1.032	
1.033	
1.034	
1.034	
1.035	
1.035	
1.036	
1.037	
1.037	
1.038	
1.038	
1.039	
1.040	
1.040	
1.041	
1.041	
1.042	
1.042	
1.043	
1.043	
1.044	
1.044	
1.044	
1.045	
1.045	
1.045	
1.045	
1.046	
1.046	
1.046	
1.046	
1.047	
1.047	
1.047	
1.047	
1.048	
1.048	
1.048	
1.048	
1.048	
1.049	
1.049	
1.049	
1.049	
1.049	
1.049	
1.049	
1.049	
1.048	
1.048	
1.048	
1.048	
1.047	
1.047	
1.047	
1.046	
1.046	
1.045	
1.045	
1.044	
1.043	
1.043	
1.042	
1.041	
1.040	
1.039	
1.037	
1.036	
1.034	
1.032	
1.029	
1.027	
1.024	
1.020	
1.017	
1.014	
1.010	
1.006	
1.002	
0.998	
0.994	
0.990	
0.987	
0.983	
0.979	
0.976	
0.973	
0.970	
0.968	
0.965	
0.963	
0.962	
0.961	
0.959	
0.959	
0.958	
0.958	
0.958	
0.957	
0.958	
0.957	
0.957	
0.958	
0.958	
0.958	
0.958	
0.958	
0.959	
0.959	
0.959	
0.959	
0.959	
0.959	
0.959	
0.960	
0.960	
0.960	
0.961	
0.961	
0.962	
0.962	
0.963	
0.963	
0.964	
0.964	
0.965	
0.965	
0.966	
0.966	
0.967	
0.968	
0.968	
0.968	
0.969	
0.969	
0.969	
0.970	
0.970	
0.971	
0.971	
0.971	
0.972	
0.972	
0.972	
0.973	
0.973	
0.974	
0.974	
0.975	
0.975	
0.976	
0.976	
0.977	
0.978	
0.978	
0.979	
0.979	
0.980	
0.981	
0.981	
0.982	
0.983	
0.983	
0.984	
0.985	
0.986	
0.986	
0.987	
0.988	
0.988	
0.989	
0.989	
0.990	
0.991	
0.991	
0.991	
0.992	
0.992	
0.993	
0.993	
0.994	
0.994	
0.995	
0.996	
0.997	
0.998	
0.998	
0.999	
1.000	
1.000	
1.001	
1.002	
1.002	
1.002	
1.002	
1.003	
1.003	
1.003	
1.003	
1.004	
1.004	
1.005	
1.006	
1.007	
1.007	
1.008	
1.009	
1.010	
1.010	
1.011	
1.011	
1.011	
1.011	
1.012	
1.012	
1.012	
1.012	
1.012	
1.013	
1.013	
1.014	
1.015	
1.015	
1.016	
1.016	
1.017	
1.017	
1.017	
1.017	
1.017	
1.017	
1.017	
1.017	
1.017	
1.017	
1.017	
1.017	
1.017	
1.018	
1.018	
1.018	
1.018	
1.018	
1.019	
1.018	
1.018	
1.018	
1.018	
1.017	
1.017	
1.017	
1.017	
1.016	
1.016	
1.015	
1.015	
1.015	
1.014	
1.013	
1.013	
1.012	
1.012	
1.011	
1.010	
1.009	
1.008	
1.007	
1.006	
1.005	
1.004	
1.003	
1.002	
1.000	
0.999	
0.998	
0.997	
0.996	
0.995	
0.994	
0.993	
0.992	
0.992	
0.992	
0.992	
0.992	
0.992	
0.992	
0.993	
0.994	
0.995	
0.996	
0.997	
0.999	
1.000	
1.002	
1.003	
1.005	
1.006	
1.008	
1.009	
1.011	
1.012	
1.013	
1.015	
1.016	
1.017	
1.018	
1.018	
1.019	
1.020	
1.020	
1.021	
1.021	
1.022	
1.022	
1.023	
1.023	
1.023	
1.024	
1.024	
1.025	
1.025	
1.026	
1.026	
1.027	
1.027	
1.028	
1.028	
1.029	
1.029	
1.030	
1.030	
1.031	
1.031	
1.032	
1.032	
1.033	
1.034	
1.035	
1.035	
1.036	
1.037	
1.038	
1.039	
1.040	
1.041	
1.042	
1.043	
1.044	
1.045	
1.045	
1.046	
1.047	
1.048	
1.049	
1.050	
1.051	
1.052	
1.053	
1.053	
1.054	
1.054	
1.055	
1.055	
1.056	
1.056	
1.056	
1.056	
1.055	
1.055	
1.055	
1.055	
1.054	
1.054	
1.054	
1.053	
1.053	
1.052	
1.052	
1.051	
1.051	
1.051	
1.050	
1.050	
1.049	
1.049	
1.049	
1.048	
1.048	
1.048	
1.047	
1.047	
1.046	
1.046	
1.045	
1.045	
1.044	
1.044	
1.043	
1.042	
1.041	
1.041	
1.040	
1.039	
1.038	
1.037	
1.036	
1.035	
1.035	
1.034	
1.033	
1.031	
1.030	
1.029	
1.028	
1.027	
1.026	
1.025	
1.023	
1.022	
1.021	
1.020	
1.019	
1.017	
1.016	
1.015	
1.015	
1.013	
1.012	
1.011	
1.010	
1.009	
1.008	
1.007	
1.006	
1.006	
1.005	
1.004	
1.003	
1.002	
1.002	
1.001	
1.000	
1.000	
0.999	
0.998	
0.998	
0.997	
0.996	
0.996	
0.995	
0.994	
0.994	
0.993	
0.993	
0.992	
0.992	
0.991	
0.991	
0.990	
0.990	
0.990	
0.990	
0.990	
0.990	
0.989	
0.989	
0.989	
0.989	
0.989	
0.989	
0.989	
0.989	
0.990	
0.990	
0.990	
0.990	
0.990	
0.990	
0.990	
0.991	
0.991	
0.991	
0.992	
0.992	
0.992	
0.992	
0.992	
0.992	
0.993	
0.993	
0.994	
0.994	
0.995	
0.995	
0.995	
0.996	
0.996	
0.997	
0.997	
0.998	
0.998	
0.999	
0.999	
0.999	
1.000	
1.000	
1.001	
1.001	
1.001	
1.001	
1.002	
1.002	
1.003	
1.003	
1.004	
1.004	
1.004	
1.005	
1.005	
1.005	
1.005	
1.006	
1.006	
1.006	
1.007	
1.007	
1.007	
1.007	
1.008	
1.008	
1.008	
1.008	
1.008	
1.008	
1.008	
1.009	
1.009	
1.009	
1.009	
1.009	
1.009	
1.009	
1.008	
1.008	
1.008	
1.008	
1.008	
1.008	
1.007	
1.007	
1.007	
1.006	
1.006	
1.005	
1.005	
1.005	
1.004	
1.004	
1.003	
1.003	
1.002	
1.001	
1.001	
1.000	
0.999	
0.999	
0.998	
0.997	
0.996	
0.995	
0.995	
0.994	
0.993	
0.992	
0.991	
0.990	
0.989	
0.988	
0.987	
0.986	
0.985	
0.984	
0.983	
0.982	
0.981	
0.980	
0.979	
0.978	
0.978	
0.977	
0.976	
0.975	
0.974	
0.974	
0.973	
0.972	
0.971	
0.971	
0.970	
0.969	
0.969	
0.968	
0.967	
0.966	
0.966	
0.965	
0.964	
0.964	
0.963	
0.963	
0.962	
0.962	
0.962	
0.961	
0.961	
0.960	
0.960	
0.960	
0.960	
0.959	
0.959	
0.959	
0.959	
0.959	
0.959	
0.960	
0.960	
0.960	
0.961	
0.961	
0.962	
0.962	
0.962	
0.963	
0.963	
0.964	
0.964	
0.965	
0.966	
0.966	
0.967	
0.967	
0.968	
0.969	
0.970	
0.971	
0.972	
0.973	
0.974	
0.975	
0.976	
0.977	
0.978	
0.978	
0.979	
0.980	
0.981	
0.982	
0.983	
0.984	
0.985	
0.986	
0.987	
0.988	
0.989	
0.990	
0.991	
0.991	
0.992	
0.993	
0.994	
0.994	
0.995	
0.996	
0.996	
0.997	
0.998	
0.998	
0.998	
0.999	
0.999	
1.000	
1.000	
1.000	
1.001	
1.001	
1.001	
1.001	
1.001	
1.001	
1.001	
1.001	
1.001	
1.000	
1.000	
1.000	
1.000	
1.000	
1.000	
1.000	
1.000	
1.000	
1.000	
1.000	
1.000	
1.000	
1.000	
1.000	
1.000	
1.000	
1.000	
1.000	
1.000	
1.000	
1.000	
1.000	
1.000	
1.000	
1.000	
1.000	
1.000	
1.000	
1.000	
1.000	
1.000	
1.000	
1.000	
1.000	
1.000	
1.000	
1.000	
1.000	
1.000	
1.000	
1.000	
1.000	
1.000	
1.000	
1.000	
1.000	
1.000	
1.000	
1.000	
1.000	
1.000	
1.000	
1.000	
1.000	
1.000	
1.000	
1.000	
1.000	
1.000	
1.000	
1.000	
1.000	
1.000	
1.000	
1.000	
1.000	
1.000	
1.000	
1.000	
1.000	
1.000	
1.000	
1.000	
1.000	
1.000	
1.000	
1.000	
1.000	
1.000	
1.000	
1.000	
1.000	
1.000	
1.000	
1.000	
1.000	
1.000	
1.000	
1.000	
1.000	
1.000	
1.000	
1.000	
1.000	
1.000	
1.000	
1.000	
1.000	
1.000	
1.000	
1.000	
1.000	
1.000	
1.000	
1.000	
1.000	
1.000	
1.000	
1.000	
1.000	
1.000	
1.000	
1.000	
1.000	
1.000	
1.000	
1.000	
1.000	
1.000	
1.000	
1.000	
1.000	
1.000	
1.000	
1.000	
1.000	
1.000	
1.000	
1.000	
1.000	
1.000	
1.000	
1.000	
1.000	
1.000	
1.000	
1.000	
1.000	
1.000	
1.000	
1.000	
1.000	
1.000	
1.000	
1.000	
1.000	
1.000	
1.000	
1.000	
1.000	
1.000	
1.000	
1.000	
1.000	
1.000	
1.000	
1.000	
1.000	
1.000	
1.000	
1.000	
1.000	
1.000	
1.000	
1.000	
1.000	
1.000	
1.000	
1.000	
1.000	
1.000	
1.000	
1.000	
1.000	
1.000	
1.000	
1.000	
1.000	
1.000	
1.000	
1.000	
1.000	
1.000	
1.000	
1.000	
1.000	
1.000	
1.000	
1.000	
1.000	
1.000	
1.000	
1.000	
1.000	
1.000	
1.000	
1.000	
1.000	
1.000	
1.000	
1.000	
1.000	
1.000	
1.000	
1.000	
1.000	
1.000	
1.000	
1.000	
1.000	
1.000	
1.000	
1.000	
1.000	
1.000	
1.000	
1.000	
1.000	
1.000	
1.000	
1.000	
1.000	
1.000	
1.000	
1.000	
1.000	
1.000	
1.000	
1.000	
1.000	
1.000	
1.000	
1.000	
1.000	
1.000	
1.000	
1.000	
1.000	
1.000	
1.000	
1.000	
1.000	
1.000	
1.000	
1.000	
1.000	
1.000	
1.000	
1.000	
1.000	
1.000	
1.000	
1.000	
1.000	
1.000	
1.000	
1.000	
1.000	
1.000	
1.000	
1.000	
1.000	
1.000	
1.000	
1.000	
1.000	
1.000	
1.000	
1.000	
1.000	
1.000	
1.000	
1.000	
1.000	
1.000	
1.000	
1.000	
1.000	
1.000	
1.000	
1.000	
1.000	
1.000	
1.000	
1.000	
1.000	
1.000	
1.000	
1.000	
1.000	
1.000	
1.000	
1.000	
1.000	
1.000	
1.000	
1.000	
1.000	
1.000	
1.000	
1.000	
1.000	
1.000	
1.000	
1.000	
1.000	
1.000	
1.000	
1.000	
1.000	
1.000	
1.000	
1.000	
1.000	
1.000	
1.000	
1.000	
1.000	
1.000	
1.000	
1.000	
1.000	
1.000	
1.000	
1.000	
1.000	
1.000	
1.000	
1.000	
1.000	
1.000	
1.000	
1.000	
1.000	
1.000	
1.000	
1.000	
1.000	
1.000	
1.000	
1.000	
1.000	
1.000	
1.000	
1.000	
1.000	
1.000	
1.000	
1.000	
1.000	
1.000	
1.000	
1.000	
1.000	
1.000	
1.000	
1.000	
1.000	
1.000	
1.000	
1.000	
1.000	
1.000	
1.000	
1.000	
1.000	
1.000	
1.000	
1.000	
1.000	
1.000	
1.000	
1.000	
1.000	
1.000	
1.000	
1.000	
1.000	
1.000	
1.000	
1.000	
1.000	
1.000	
1.000	
1.000	
1.000	
1.000	
1.000	
1.000	
1.000	
1.000	
1.000	
1.000	
1.000	
1.000	
1.000	
1.000	
1.000	
1.000	
1.000	
1.000	
1.000	
1.000	
1.000	
1.000	
1.000	
1.000	
1.000	
1.000	
1.000	
1.000	
1.000	
1.000	
1.000	
1.000	
1.000	
1.000	
1.000	
1.000	
1.000	
1.000	
1.000	
1.000	
1.000	
1.000	
1.000	
1.000	
1.000	
1.000	
1.000	
1.000	
1.000	
1.000	
1.000	
1.000	
1.000	
1.000	
1.000	
1.000	
1.000	
1.000	
1.000	
1.000	
1.000	
1.000	
1.000	
1.000	
1.000	
1.000	
1.000	
1.000	
1.000	
1.000	
1.000	
1.000	
1.000	
1.000	
1.000	
1.000	
1.000	
1.000	
1.000	
1.000	
1.000	
1.000	
1.000	
1.000	
1.000	
1.000	
1.000	
1.000	
1.000	
1.000	
1.000	
1.000	
1.000	
1.000	
1.000	
1.000	
1.000	
1.000	
1.000	
1.000	
1.000	
1.000	
1.000	
1.000	
1.000	
1.000	
1.000	
1.000	
1.000	
1.000	
1.000	
1.000	
1.000	
1.000	
1.000	
1.000	
1.000	
1.000	
1.000	
1.000	
1.000	
1.000	
1.000	
1.000	
1.000	
1.000	
1.000	
1.000	
1.000	
1.000	
1.000	
1.000	
1.000	
1.000	
1.000	
1.000	
1.000	
1.000	
1.000	
1.000	
1.000	
1.000	
1.000	
1.000	
1.000	
1.000	
1.000	
1.000	
1.000	
1.000	
1.000	
1.000	
1.000	
1.000	
1.000	
1.000	
1.000	
1.000	
1.000	
1.000	
1.000	
1.000	
1.000	
1.000	
1.000	
1.000	
1.000	
1.000	
1.000	
1.000	
1.000	
1.000	
1.000	
1.000	
1.000	
1.000	
1.000	
1.000	
1.000	
1.000	
1.000	
1.000	
1.000	
1.000	
1.000	
1.000	
1.000	
1.000	
1.000	
1.000	
1.000	
1.000	
1.000	
1.000	
1.000	
1.000	
1.000	
1.000	
1.000	
1.000	
1.000	
1.000	
1.000	
1.000	
1.000	
1.000	
1.000	
1.000	
1.000	
1.000	
1.000	
1.000	
1.000	
1.000	
1.000	
1.000	
1.000	
1.000	
1.000	
1.000	
1.000	
1.000	
1.000	
1.000	
1.000	
1.000	
1.000	
1.000	
1.000	
1.000	
1.000	
1.000	
1.000	
1.000	
1.000	
1.000	
1.000	
1.000	
1.000	
1.000	
1.000	
1.000	
1.000	
1.000	
1.000	
1.000	
1.000	
1.000	
1.000	
1.000	
1.000	
1.000	
1.000	
1.000	
1.000	
1.000	
1.000	
1.000	
1.000	
1.000	
1.000	
1.000	
1.000	
1.000	
1.000	
1.000	
1.000	
1.000	
1.000	
1.000	
1.000	
1.000	
1.000	
1.000	
1.000	
1.000	
1.000	
1.000	
1.000	
1.000	
1.000	
1.000	
1.000	
1.000	
1.000	
1.000	
1.000	
1.000	
1.000	
1.000	
1.000	
1.000	
1.000	
1.000	
1.000	
1.000	
1.000	
1.000	
1.000	
1.000	
1.000	
1.000	
1.000	
1.000	
1.000	
1.000	
1.000	
1.000	
1.000	
1.000	
1.000	
1.000	
1.000	
1.000	
1.000	
1.000	
1.000	
1.000	
1.000	
1.000	
1.000	
1.000	
1.000	
1.000	
1.000	
1.000	
1.000	
1.000	
1.000	
1.000	
1.000	
1.000	
1.000	
1.000	
1.000	
1.000	
1.000	
1.000	
1.000	
1.000	
1.000	
1.000	
1.000	
1.000	
1.000	
1.000	
1.000	
1.000	
1.000	
1.000	
1.000	
1.000	
1.000	
1.000	
1.000	
1.000	
1.000	
1.000	
1.000	
1.000	
1.000	
1.000	
1.000	
1.000	
1.000	
1.000	
1.000	
1.000	
1.000	
1.000	
1.000	
1.000	
1.000	
1.000	
1.000	
1.000	
1.000	
1.000	
1.000	
1.000	
1.000	
1.000	
1.000	
1.000	
1.000	
1.000	
1.000	
1.000	
1.000	
1.000	
1.000	
1.000	
1.000	
1.000	
1.000	
1.000	
1.000	
1.000	
1.000	
1.000	
1.000	
1.000	
1.000	
1.000	
1.000	
1.000	
1.000	
1.000	
1.000	
1.000	
1.000	
1.000	
1.000	
1.000	
1.000	
1.000	
1.000	
1.000	
1.000	
1.000	
1.000	
1.000	
1.000	
1.000	
1.000	
1.000	
1.000	
1.000	
1.000	
1.000	
1.000	
1.000	
1.000	
1.000	
1.000	
1.000	
1.000	
1.000	
1.000	
1.000	
1.000	
1.000	
1.000	
1.000	
1.000	
1.000	
1.000	
1.000	
1.000	
1.000	
1.000	
1.000	
1.000	
1.000	
1.000	
1.000	
1.000	
1.000	
1.000	
1.000	
1.000	
1.000	
1.000	
1.000	
1.000	
1.000	
1.000	
1.000	
1.000	
1.000	
1.000	
1.000	
1.000	
1.000	
1.000	
1.000	
1.000	
1.000	
1.000	
1.000	
1.000	
1.000	
1.000	
1.000	
1.000	
1.000	
1.000	
1.000	
1.000	
1.000	
1.000	
1.000	
1.000	
1.000	
1.000	
1.000	
1.000	
1.000	
1.000	
1.000	
1.000	
1.000	
1.000	
1.000	
1.000	
1.000	
1.000	
1.000	
1.000	
1.000	
1.000	
1.000	
1.000	
1.000	
1.000	
1.000	
1.000	
1.000	
1.000	
1.000	
1.000	
1.000	
1.000	
1.000	
1.000	
1.000	
1.000	
1.000	
1.000	
1.000	
1.000	
1.000	
1.000	
1.000	
1.000	
1.000	
1.000	
1.000	
1.000	
1.000	
1.000	
1.000	
1.000	
1.000	
1.000	
1.000	
1.000	
1.000	
1.000	
1.000	
1.000	
1.000	
1.000	
1.000	
1.000	
1.000	
1.000	
1.000	
1.000	
1.000	
1.000	
1.000	
1.000	
1.000	
1.000	
1.000	
1.000	
1.000	
1.000	
1.000	
1.000	
1.000	
1.000	
1.000	
1.000	
1.000	
1.000	
1.000	
1.000	
1.000	
1.000	
1.000	
1.000	
1.000	
1.000	
1.000	
1.000	
1.000	
1.000	
1.000	
1.000	
1.000	
1.000	
1.000	
1.000	
1.000	
1.000	
1.000	
1.000	
1.000	
1.000	
1.000	
1.000	
1.000	
1.000	
1.000	
1.000	
1.000	
1.000	
1.000	
1.000	
1.000	
1.000	
1.000	
1.000	
1.000	
1.000	
1.000	
1.000	
1.000	
1.000	
1.000	
1.000	
1.000	
1.000	
1.000	
1.000	
1.000	
1.000	
1.000	
1.000	
1.000	
1.000	
1.000	
1.000	
1.000	
1.000	
1.000	
1.000	
1.000	
1.000	
1.000	
1.000	
1.000	
1.000	
1.000	
1.000	
1.000	
1.000	
1.000	
1.000	
1.000	
1.000	
1.000	
1.000	
1.000	
1.000	
1.000	
1.000	
1.000	
1.000	
1.000	
1.000	
1.000	
1.000	
1.000	
1.000	
1.000	
1.000	
1.000	
1.000	
1.000	
1.000	
1.000	
1.000	
1.000	
1.000	
1.000	
1.000	
1.000	
1.000	
1.000	
1.000	
1.000	
1.000	
1.000	
1.000	
1.000	
1.000	
1.000	
1.000	
1.000	
1.000	
1.000	
1.000	
1.000	
1.000	
1.000	
1.000	
1.000	
1.000	
1.000	
1.000	
1.000	
1.000	
1.000	
1.000	
1.000	
1.000	
1.000	
1.000	
1.000	
1.000	
1.000	
1.000	
1.000	
1.000	
1.000	
1.000	
1.000	
1.000	
1.000	
1.000	
1.000	
1.000	
1.000	
1.000	
1.000	
1.000	
1.000	
1.000	
1.000	
1.000	
1.000	
1.000	
1.000	
1.000	
1.000	
1.000	
1.000	
1.000	
1.000	
1.000	
1.000	
1.000	
1.000	
1.000	
1.000	
1.000	
1.000	
1.000	
1.000	
1.000	
1.000	
1.000	
1.000	
1.000	
1.000	
1.000	
1.000	
1.000	
1.000	
1.000	
1.000	
1.000	
1.000	
1.000	
1.000	
1.000	
1.000	
1.000	
1.000	
1.000	
1.000	
1.000	
1.000	
1.000	
1.000	
1.000	
1.000	
1.000	
1.000	
1.000	
1.000	
1.000	
1.000	
1.000	
1.000	
1.000	
1.000	
1.000	
1.000	
1.000	
1.000	
1.000	
1.000	
1.000	
1.000	
1.000	
1.000	
1.000	
1.000	
1.000	
1.000	
1.000	
1.000	
1.000	
1.000	
1.000	
1.000	
1.000	
1.000	
1.000	
1.000	
1.000	
1.000	
1.000	
1.000	
1.000	
1.000	
1.000	
1.000	
1.000	
1.000	
1.000	
1.000	
1.000	
1.000	
1.000	
1.000	
1.000	
1.000	
1.000	
1.000	
1.000	
1.000	
1.000	
1.000	
1.000	
1.000	
1.000	
1.000	
1.000	
1.000	
1.000	
1.000	
1.000	
1.000	
1.000	
0

64.111	
63.999	
63.813	
63.642	
63.520	
63.418	
63.251	
62.927	
62.619	
62.373	
62.093	
61.730	
61.378	
60.999	
60.624	
60.270	
59.908	
59.437	
58.926	
58.481	
58.073	
57.599	
57.058	
56.524	
55.990	
55.447	
54.874	
54.312	
53.731	
53.166	
52.649	
52.089	
51.508	
50.904	
50.320	
49.754	
49.153	
48.548	
47.959	
47.374	
46.792	
46.257	
45.723	
45.182	
44.678	
44.184	
43.698	
43.228	
42.805	
42.408	
42.016	
41.625	
41.259	
40.916	
40.567	
40.219	
39.891	
39.573	
39.270	
38.974	
38.695	
38.415	
38.157	
37.903	
37.652	
37.415	
37.189	
36.975	
36.753	
36.533	
36.335	
36.131	
35.932	
35.736	
35.541	
35.344	
35.179	
35.023	
34.855	
34.681	
34.511	
34.357	
34.214	
34.061	
33.915	
33.767	
33.624	
33.493	
33.360	
33.205	
33.046	
32.907	
32.771	
32.623	
32.469	
32.316	
32.175	
32.023	
31.887	
31.746	
31.584	
31.427	
31.278	
31.141	
31.011	
30.875	
30.744	
30.622	
30.500	
30.379	
30.268	
30.151	
30.046	
29.947	
29.839	
29.750	
29.664	
29.552	
29.445	
29.344	
29.234	
29.134	
29.035	
28.933	
28.841	
28.754	
28.666	
28.584	
28.485	
28.388	
28.308	
28.222	
28.140	
28.066	
27.986	
27.897	
27.814	
27.730	
27.637	
27.557	
27.485	
27.418	
27.345	
27.273	
27.208	
27.145	
27.068	
26.988	
26.924	
26.869	
26.809	
26.748	
26.674	
26.597	
26.517	
26.456	
26.392	
26.322	
26.260	
26.206	
26.158	
26.107	
26.045	
25.988	
25.928	
25.882	
25.841	
25.810	
25.774	
25.730	
25.695	
25.652	
25.602	
25.562	
25.521	
25.486	
25.455	
25.425	
25.381	
25.329	
25.280	
25.236	
25.190	
25.143	
25.104	
25.079	
25.047	
25.014	
24.975	
24.933	
24.900	
24.881	
24.862	
24.832	
24.800	
24.776	
24.760	
24.740	
24.714	
24.678	
24.643	
24.624	
24.605	
24.577	
24.552	
24.532	
24.513	
24.493	
24.483	
24.462	
24.444	
24.422	
24.414	
24.411	
24.393	
24.373	
24.360	
24.345	
24.330	
24.318	
24.304	
24.284	
24.272	
24.251	
24.244	
24.233	
24.199	
24.182	
24.169	
24.146	
24.115	
24.072	
24.030	
23.986	
23.929	
23.853	
23.768	
23.675	
23.573	
23.475	
23.366	
23.247	
23.131	
23.021	
22.903	
22.779	
22.648	
22.516	
22.400	
22.298	
22.193	
22.087	
21.990	
21.896	
21.803	
21.704	
21.610	
21.520	
21.430	
21.340	
21.261	
21.180	
21.094	
21.007	
20.928	
20.852	
20.769	
20.682	
20.608	
20.529	
20.450	
20.379	
20.315	
20.252	
20.177	
20.102	
20.029	
19.955	
19.878	
19.802	
19.743	
19.675	
19.600	
19.535	
19.473	
19.403	
19.327	
19.263	
19.207	
19.152	
19.093	
19.041	
18.999	
18.944	
18.888	
18.839	
18.787	
18.729	
18.671	
18.620	
18.570	
18.515	
18.461	
18.408	
18.348	
18.284	
18.230	
18.174	
18.122	
18.068	
18.017	
17.973	
17.923	
17.862	
17.805	
17.750	
17.700	
17.652	
17.600	
17.539	
17.480	
17.421	
17.360	
17.297	
17.233	
17.173	
17.119	
17.061	
17.005	
16.941	
16.878	
16.819	
16.765	
16.713	
16.654	
16.599	
16.551	
16.498	
16.445	
16.392	
16.341	
16.285	
16.237	
16.186	
16.130	
16.075	
16.019	
15.966	
15.915	
15.858	
15.802	
15.745	
15.688	
15.631	
15.574	
15.517	
15.467	
15.418	
15.366	
15.318	
15.272	
15.221	
15.173	
15.128	
15.084	
15.041	
14.998	
14.956	
14.913	
14.865	
14.817	
14.771	
14.722	
14.674	
14.630	
14.587	
14.540	
14.490	
14.445	
14.399	
14.353	
14.305	
14.261	
14.218	
14.173	
14.131	
14.090	
14.045	
13.998	
13.954	
13.909	
13.864	
13.821	
13.776	
13.734	
13.689	
13.643	
13.599	
13.555	
13.512	
13.467	
13.422	
13.379	
13.338	
13.295	
13.254	
13.215	
13.174	
13.135	
13.095	
13.056	
13.015	
12.971	
12.929	
12.886	
12.847	
12.809	
12.768	
12.726	
12.683	
12.642	
12.602	
12.564	
12.526	
12.487	
12.451	
12.415	
12.379	
12.343	
12.305	
12.269	
12.235	
12.201	
12.163	
12.124	
12.090	
12.056	
12.022	
11.986	
11.950	
11.917	
11.882	
11.846	
11.811	
11.775	
11.740	
11.710	
11.679	
11.642	
11.606	
11.573	
11.544	
11.514	
11.482	
11.449	
11.415	
11.383	
11.352	
11.320	
11.285	
11.253	
11.222	
11.190	
11.159	
11.125	
11.093	
11.065	
11.037	
11.011	
10.985	
10.958	
10.931	
10.907	
10.879	
10.851	
10.824	
10.796	
10.766	
10.736	
10.706	
10.677	
10.647	
10.618	
10.594	
10.568	
10.538	
10.510	
10.487	
10.462	
10.436	
10.412	
10.389	
10.363	
10.339	
10.315	
10.289	
10.261	
10.234	
10.212	
10.189	
10.163	
10.139	
10.117	
10.094	
10.069	
10.044	
10.016	
9.992	
9.968	
9.943	
9.918	
9.893	
9.867	
9.842	
9.816	
9.789	
9.763	
9.740	
9.719	
9.697	
9.674	
9.649	
9.625	
9.602	
9.578	
9.555	
9.530	
9.505	
9.482	
9.459	
9.436	
9.413	
9.389	
9.366	
9.345	
9.324	
9.300	
9.278	
9.256	
9.235	
9.215	
9.197	
9.177	
9.154	
9.131	
9.109	
9.085	
9.061	
9.037	
9.016	
8.994	
8.971	
8.949	
8.926	
8.900	
8.877	
8.854	
8.832	
8.813	
8.794	
8.774	
8.753	
8.732	
8.713	
8.694	
8.676	
8.657	
8.639	
8.621	
8.603	
8.585	
8.565	
8.547	
8.528	
8.508	
8.490	
8.469	
8.449	
8.429	
8.410	
8.390	
8.370	
8.352	
8.334	
8.315	
8.295	
8.275	
8.255	
8.237	
8.219	
8.199	
8.180	
8.162	
8.144	
8.125	
8.106	
8.088	
8.068	
8.050	
8.033	
8.014	
7.994	
7.976	
7.957	
7.938	
7.919	
7.900	
7.881	
7.862	
7.842	
7.824	
7.806	
7.790	
7.775	
7.758	
7.741	
7.725	
7.709	
7.690	
7.674	
7.659	
7.643	
7.627	
7.609	
7.594	
7.576	
7.561	
7.546	
7.529	
7.513	
7.496	
7.481	
7.466	
7.449	
7.435	
7.420	
7.404	
7.387	
7.372	
7.356	
7.339	
7.323	
7.307	
7.292	
7.276	
7.260	
7.245	
7.229	
7.212	
7.198	
7.183	
7.167	
7.150	
7.134	
7.119	
7.104	
7.090	
7.076	
7.063	
7.048	
7.033	
7.020	
7.004	
6.989	
6.975	
6.962	
6.948	
6.933	
6.917	
6.900	
6.885	
6.870	
6.855	
6.840	
6.824	
6.808	
6.795	
6.780	
6.764	
6.749	
6.735	
6.721	
6.707	
6.692	
6.676	
6.661	
6.647	
6.633	
6.619	
6.604	
6.590	
6.577	
6.565	
6.551	
6.538	
6.525	
6.511	
6.498	
6.485	
6.471	
6.460	
6.448	
6.436	
6.424	
6.412	
6.398	
6.385	
6.373	
6.360	
6.347	
6.334	
6.323	
6.311	
6.297	
6.284	
6.272	
6.258	
6.244	
6.230	
6.217	
6.205	
6.193	
6.181	
6.168	
6.154	
6.141	
6.128	
6.116	
6.103	
6.090	
6.079	
6.066	
6.053	
6.039	
6.026	
6.013	
6.001	
5.988	
5.975	
5.963	
5.950	
5.936	
5.924	
5.912	
5.901	
5.889	
5.877	
5.866	
5.854	
5.841	
5.829	
5.817	
5.804	
5.792	
5.780	
5.768	
5.758	
5.746	
5.734	
5.722	
5.709	
5.698	
5.687	
5.676	
5.665	
5.654	
5.642	
5.632	
5.620	
5.607	
5.595	
5.584	
5.574	
5.563	
5.551	
5.539	
5.528	
5.517	
5.505	
5.494	
5.482	
5.471	
5.460	
5.447	
5.435	
5.423	
5.412	
5.401	
5.390	
5.379	
5.369	
5.358	
5.348	
5.337	
5.325	
5.315	
5.304	
5.293	
5.283	
5.272	
5.261	
5.250	
5.237	
5.225	
5.213	
5.201	
5.190	
5.180	
5.169	
5.158	
5.147	
5.137	
5.126	
5.115	
5.103	
5.094	
5.084	
5.073	
5.062	
5.050	
5.039	
5.027	
5.016	
5.005	
4.994	
4.984	
4.973	
4.964	
4.954	
4.944	
4.934	
4.924	
4.915	
4.905	
4.896	
4.886	
4.876	
4.867	
4.856	
4.846	
4.836	
4.825	
4.815	
4.805	
4.795	
4.784	
4.774	
4.764	
4.755	
4.745	
4.735	
4.725	
4.715	
4.705	
4.696	
4.686	
4.677	
4.667	
4.658	
4.649	
4.639	
4.629	
4.619	
4.610	
4.601	
4.592	
4.583	
4.574	
4.565	
4.556	
4.547	
4.538	
4.529	
4.521	
4.513	
4.504	
4.496	
4.487	
4.478	
4.471	
4.463	
4.455	
4.446	
4.438	
4.430	
4.422	
4.414	
4.405	
4.397	
4.389	
4.381	
4.373	
4.364	
4.355	
4.347	
4.339	
4.330	
4.321	
4.313	
4.305	
4.297	
4.289	
4.280	
4.273	
4.265	
4.258	
4.251	
4.243	
4.235	
4.227	
4.219	
4.211	
4.202	
4.194	
4.186	
4.178	
4.170	
4.162	
4.154	
4.147	
4.139	
4.132	
4.124	
4.117	
4.109	
4.102	
4.095	
4.088	
4.081	
4.074	
4.067	
4.059	
4.052	
4.044	
4.037	
4.031	
4.024	
4.018	
4.010	
4.003	
3.995	
3.988	
3.982	
3.974	
3.967	
3.959	
3.952	
3.944	
3.937	
3.929	
3.922	
3.916	
3.909	
3.903	
3.896	
3.889	
3.882	
3.875	
3.869	
3.863	
3.857	
3.850	
3.843	
3.836	
3.829	
3.822	
3.816	
3.809	
3.802	
3.795	
3.787	
3.781	
3.774	
3.767	
3.761	
3.755	
3.748	
3.742	
3.735	
3.728	
3.721	
3.715	
3.708	
3.702	
3.695	
3.688	
3.681	
3.675	
3.669	
3.662	
3.655	
3.648	
3.641	
3.635	
3.629	
3.623	
3.617	
3.610	
3.603	
3.596	
3.589	
3.583	
3.576	
3.570	
3.563	
3.557	
3.551	
3.545	
3.538	
3.531	
3.525	
3.519	
3.513	
3.507	
3.500	
3.494	
3.488	
3.481	
3.475	
3.469	
3.463	
3.457	
3.451	
3.445	
3.439	
3.432	
3.426	
3.421	
3.415	
3.409	
3.403	
3.397	
3.391	
3.384	
3.378	
3.372	
3.366	
3.359	
3.354	
3.348	
3.342	
3.335	
3.330	
3.324	
3.319	
3.313	
3.307	
3.301	
3.295	
3.289	
3.283	
3.277	
3.271	
3.265	
3.259	
3.252	
3.246	
3.240	
3.233	
3.228	
3.222	
3.216	
3.211	
3.205	
3.199	
3.193	
3.187	
3.182	
3.176	
3.171	
3.165	
3.160	
3.154	
3.147	
3.142	
3.135	
3.130	
3.124	
3.118	
3.112	
3.106	
3.100	
3.095	
3.089	
3.083	
3.077	
3.072	
3.066	
3.061	
3.056	
3.050	
3.045	
3.040	
3.035	
3.029	
3.024	
3.019	
3.014	
3.008	
3.003	
2.998	
2.993	
2.987	
2.982	
2.976	
2.971	
2.965	
2.960	
2.955	
2.950	
2.944	
2.939	
2.934	
2.928	
2.923	
2.918	
2.913	
2.908	
2.903	
2.898	
2.894	
2.889	
2.884	
2.879	
2.874	
2.869	
2.865	
2.860	
2.855	
2.850	
2.845	
2.841	
2.836	
2.831	
2.827	
2.822	
2.817	
2.813	
2.809	
2.804	
2.799	
2.795	
2.791	
2.786	
2.782	
2.777	
2.772	
2.767	
2.763	
2.759	
2.754	
2.749	
2.745	
2.741	
2.737	
2.733	
2.729	
2.724	
2.720	
2.716	
2.711	
2.707	
2.703	
2.699	
2.695	
2.691	
2.687	
2.682	
2.678	
2.673	
2.669	
2.665	
2.660	
2.656	
2.652	
2.648	
2.643	
2.639	
2.634	
2.630	
2.626	
2.622	
2.618	
2.614	
2.610	
2.606	
2.602	
2.598	
2.594	
2.590	
2.587	
2.583	
2.579	
2.576	
2.572	
2.568	
2.564	
2.561	
2.557	
2.553	
2.549	
2.545	
2.542	
2.538	
2.533	
2.529	
2.525	
2.521	
2.517	
2.513	
2.509	
2.505	
2.501	
2.498	
2.494	
2.490	
2.486	
2.483	
2.479	
2.476	
2.473	
2.470	
2.466	
2.463	
2.460	
2.456	
2.453	
2.449	
2.446	
2.442	
2.438	
2.435	
2.431	
2.427	
2.423	
2.419	
2.415	
2.411	
2.407	
2.403	
2.399	
2.395	
2.392	
2.389	
2.385	
2.381	
2.378	
2.375	
2.371	
2.368	
2.365	
2.361	
2.358	
2.355	
2.352	
2.349	
2.346	
2.342	
2.339	
2.335	
2.332	
2.328	
2.325	
2.322	
2.318	
2.314	
2.311	
2.307	
2.303	
2.300	
2.297	
2.293	
2.290	
2.286	
2.283	
2.279	
2.276	
2.272	
2.269	
2.266	
2.262	
2.258	
2.255	
2.252	
2.248	
2.245	
2.241	
2.237	
2.234	
2.230	
2.227	
2.223	
2.220	
2.217	
2.214	
2.211	
2.208	
2.205	
2.202	
2.199	
2.196	
2.193	
2.190	
2.187	
2.184	
2.180	
2.177	
2.174	
2.171	
2.168	
2.164	
2.161	
2.158	
2.154	
2.151	
2.148	
2.145	
2.142	
2.139	
2.136	
2.132	
2.129	
2.126	
2.123	
2.120	
2.117	
2.114	
2.111	
2.108	
2.105	
2.102	
2.099	
2.097	
2.094	
2.091	
2.088	
2.085	
2.082	
2.079	
2.075	
2.072	
2.069	
2.066	
2.062	
2.059	
2.056	
2.053	
2.050	
2.046	
2.043	
2.040	
2.037	
2.034	
2.031	
2.028	
2.025	
2.023	
2.020	
2.017	
2.014	
2.011	
2.008	
2.006	
2.003	
2.000	
1.998	
1.995	
1.992	
1.989	
1.986	
1.983	
1.980	
1.978	
1.975	
1.972	
1.969	
1.966	
1.963	
1.960	
1.957	
1.954	
1.951	
1.948	
1.946	
1.943	
1.940	
1.937	
1.935	
1.932	
1.929	
1.927	
1.924	
1.922	
1.919	
1.916	
1.914	
1.911	
1.909	
1.906	
1.903	
1.901	
1.898	
1.895	
1.892	
1.890	
1.887	
1.884	
1.882	
1.879	
1.877	
1.874	
1.872	
1.869	
1.866	
1.864	
1.862	
1.859	
1.857	
1.854	
1.852	
1.850	
1.847	
1.845	
1.842	
1.840	
1.838	
1.835	
1.833	
1.831	
1.828	
1.826	
1.824	
1.822	
1.820	
1.818	
1.816	
1.813	
1.811	
1.809	
1.807	
1.804	
1.802	
1.800	
1.797	
1.795	
1.793	
1.790	
1.788	
1.786	
1.784	
1.781	
1.779	
1.777	
1.775	
1.772	
1.770	
1.768	
1.766	
1.764	
1.762	
1.759	
1.757	
1.755	
1.753	
1.751	
1.749	
1.747	
1.745	
1.742	
1.740	
1.738	
1.736	
1.734	
1.733	
1.731	
1.729	
1.727	
1.725	
1.723	
1.721	
1.719	
1.717	
1.715	
1.713	
1.711	
1.709	
1.707	
1.705	
1.703	
1.701	
1.700	
1.698	
1.696	
1.694	
1.692	
1.690	
1.688	
1.686	
1.684	
1.681	
1.680	
1.678	
1.676	
1.674	
1.672	
1.670	
1.668	
1.666	
1.664	
1.662	
1.661	
1.659	
1.657	
1.655	
1.653	
1.651	
1.649	
1.647	
1.645	
1.643	
1.641	
1.639	
1.637	
1.635	
1.634	
1.631	
1.629	
1.627	
1.625	
1.623	
1.621	
1.620	
1.618	
1.616	
1.615	
1.613	
1.611	
1.609	
1.607	
1.605	
1.603	
1.602	
1.600	
1.598	
1.596	
1.594	
1.592	
1.590	
1.588	
1.586	
1.584	
1.582	
1.580	
1.579	
1.577	
1.575	
1.573	
1.571	
1.569	
1.567	
1.565	
1.564	
1.562	
1.560	
1.558	
1.557	
1.555	
1.553	
1.551	
1.549	
1.547	
1.545	
1.543	
1.542	
1.540	
1.538	
1.537	
1.535	
1.533	
1.531	
1.530	
1.528	
1.526	
1.524	
1.523	
1.521	
1.519	
1.518	
1.516	
1.514	
1.512	
1.510	
1.508	
1.506	
1.504	
1.503	
1.501	
1.499	
1.498	
1.496	
1.494	
1.493	
1.491	
1.490	
1.488	
1.487	
1.485	
1.484	
1.482	
1.480	
1.479	
1.477	
1.475	
1.473	
1.472	
1.470	
1.468	
1.467	
1.465	
1.463	
1.462	
1.460	
1.458	
1.457	
1.455	
1.454	
1.452	
1.451	
1.449	
1.448	
1.447	
1.445	
1.444	
1.443	
1.442	
1.440	
1.439	
1.438	
1.436	
1.435	
1.434	
1.433	
1.431	
1.430	
1.429	
1.428	
1.426	
1.425	
1.424	
1.423	
1.422	
1.421	
1.420	
1.419	
1.417	
1.416	
1.415	
1.414	
1.413	
1.411	
1.410	
1.409	
1.408	
1.407	
1.406	
1.405	
1.404	
1.403	
1.402	
1.401	
1.400	
1.399	
1.397	
1.396	
1.395	
1.394	
1.393	
1.392	
1.391	
1.390	
1.389	
1.387	
1.386	
1.385	
1.384	
1.383	
1.382	
1.381	
1.380	
1.379	
1.378	
1.377	
1.375	
1.374	
1.373	
1.372	
1.371	
1.370	
1.369	
1.368	
1.367	
1.366	
1.365	
1.364	
1.363	
1.363	
1.362	
1.361	
1.360	
1.359	
1.358	
1.357	
1.356	
1.355	
1.354	
1.353	
1.352	
1.351	
1.350	
1.349	
1.348	
1.347	
1.346	
1.345	
1.344	
1.343	
1.342	
1.341	
1.340	
1.339	
1.338	
1.337	
1.336	
1.335	
1.334	
1.333	
1.332	
1.331	
1.330	
1.329	
1.328	
1.327	
1.326	
1.324	
1.323	
1.322	
1.321	
1.320	
1.319	
1.319	
1.318	
1.317	
1.316	
1.314	
1.313	
1.312	
1.312	
1.311	
1.310	
1.309	
1.308	
1.307	
1.306	
1.305	
1.304	
1.304	
1.303	
1.302	
1.301	
1.300	
1.299	
1.298	
1.297	
1.296	
1.295	
1.294	
1.293	
1.291	
1.290	
1.289	
1.288	
1.287	
1.286	
1.285	
1.284	
1.282	
1.281	
1.280	
1.279	
1.278	
1.277	
1.276	
1.275	
1.273	
1.272	
1.271	
1.270	
1.270	
1.269	
1.268	
1.267	
1.266	
1.266	
1.265	
1.265	
1.264	
1.264	
1.263	
1.263	
1.262	
1.261	
1.260	
1.260	
1.259	
1.258	
1.257	
1.256	
1.255	
1.254	
1.253	
1.252	
1.250	
1.249	
1.248	
1.247	
1.246	
1.245	
1.244	
1.243	
1.242	
1.241	
1.240	
1.239	
1.239	
1.238	
1.237	
1.237	
1.236	
1.235	
1.234	
1.233	
1.233	
1.232	
1.231	
1.230	
1.229	
1.228	
1.227	
1.226	
1.225	
1.224	
1.223	
1.222	
1.221	
1.220	
1.219	
1.218	
1.217	
1.217	
1.216	
1.215	
1.214	
1.213	
1.212	
1.211	
1.210	
1.210	
1.209	
1.208	
1.207	
1.206	
1.205	
1.204	
1.203	
1.203	
1.202	
1.201	
1.200	
1.199	
1.198	
1.197	
1.196	
1.195	
1.195	
1.194	
1.193	
1.192	
1.191	
1.190	
1.189	
1.188	
1.188	
1.187	
1.186	
1.185	
1.184	
1.183	
1.182	
1.181	
1.181	
1.180	
1.179	
1.178	
1.177	
1.177	
1.176	
1.175	
1.174	
1.173	
1.173	
1.172	
1.171	
1.169	
1.168	
1.167	
1.166	
1.166	
1.165	
1.164	
1.163	
1.162	
1.162	
1.161	
1.161	
1.160	
1.159	
1.159	
1.158	
1.157	
1.156	
1.155	
1.154	
1.153	
1.152	
1.151	
1.150	
1.150	
1.149	
1.148	
1.148	
1.147	
1.146	
1.146	
1.145	
1.144	
1.143	
1.142	
1.141	
1.140	
1.139	
1.138	
1.137	
1.136	
1.136	
1.135	
1.135	
1.134	
1.134	
1.133	
1.133	
1.132	
1.131	
1.131	
1.130	
1.129	
1.128	
1.127	
1.126	
1.126	
1.125	
1.124	
1.123	
1.123	
1.122	
1.122	
1.121	
1.121	
1.120	
1.119	
1.119	
1.118	
1.117	
1.116	
1.115	
1.115	
1.114	
1.113	
1.112	
1.112	
1.111	
1.110	
1.109	
1.108	
1.108	
1.107	
1.106	
1.105	
1.104	
1.104	
1.103	
1.102	
1.101	
1.101	
1.100	
1.100	
1.099	
1.098	
1.098	
1.097	
1.096	
1.095	
1.094	
1.094	
1.093	
1.092	
1.091	
1.091	
1.090	
1.089	
1.088	
1.087	
1.086	
1.086	
1.085	
1.084	
1.084	
1.083	
1.082	
1.081	
1.080	
1.080	
1.079	
1.078	
1.078	
1.077	
1.076	
1.076	
1.075	
1.074	
1.073	
1.073	
1.072	
1.071	
1.071	
1.070	
1.069	
1.069	
1.068	
1.067	
1.067	
1.066	
1.065	
1.065	
1.064	
1.064	
1.063	
1.062	
1.062	
1.061	
1.060	
1.060	
1.059	
1.058	
1.058	
1.057	
1.056	
1.056	
1.055	
1.054	
1.054	
1.054	
1.053	
1.052	
1.051	
1.051	
1.050	
1.049	
1.049	
1.048	
1.047	
1.047	
1.046	
1.045	
1.045	
1.044	
1.044	
1.043	
1.043	
1.042	
1.042	
1.041	
1.041	
1.040	
1.040	
1.039	
1.039	
1.038	
1.038	
1.038	
1.037	
1.037	
1.036	
1.036	
1.036	
1.035	
1.035	
1.034	
1.034	
1.034	
1.033	
1.033	
1.032	
1.032	
1.032	
1.031	
1.031	
1.030	
1.030	
1.029	
1.029	
1.029	
1.028	
1.028	
1.027	
1.027	
1.027	
1.026	
1.026	
1.025	
1.025	
1.024	
1.024	
1.023	
1.023	
1.023	
1.023	
1.022	
1.022	
1.022	
1.021	
1.021	
1.021	
1.020	
1.020	
1.020	
1.020	
1.019	
1.019	
1.019	
1.019	
1.018	
1.018	
1.018	
1.018	
1.018	
1.018	
1.018	
1.018	
1.017	
1.017	
1.017	
1.017	
1.016	
1.016	
1.016	
1.016	
1.016	
1.016	
1.015	
1.015	
1.015	
1.014	
1.014	
1.014	
1.014	
1.014	
1.013	
1.013	
1.012	
1.012	
1.012	
1.011	
1.011	
1.011	
1.010	
1.010	
1.010	
1.010	
1.009	
1.009	
1.009	
1.009	
1.009	
1.008	
1.008	
1.008	
1.008	
1.007	
1.007	
1.007	
1.006	
1.006	
1.006	
1.006	
1.006	
1.006	
1.006	
1.005	
1.005	
1.005	
1.005	
1.005	
1.005	
1.005	
1.004	
1.004	
1.004	
1.004	
1.004	
1.003	
1.003	
1.003	
1.003	
1.003	
1.002	
1.002	
1.002	
1.002	
1.002	
1.002	
1.002	
1.002	
1.001	
1.001	
1.001	
1.001	
1.001	
1.001	
1.001	
1.001	
1.001	
1.001	
1.001	
1.000	
1.000	
1.000	
1.000	
1.000	
1.000	
1.000	
1.000	
1.000	
1.000	
1.000	
1.000	
1.000	
1.000	
1.001	
1.001	
1.001	
1.001	
1.001	
1.001	
1.001	
1.001	
1.001	
1.002	
1.002	
1.002	
1.002	
1.002	
1.002	
1.002	
1.002	
1.002	
1.002	
1.002	
1.003	
1.003	
1.003	
1.003	
1.003	
1.003	
1.003	
1.004	
1.004	
1.004	
1.004	
1.004	
1.004	
1.004	
1.004	
1.004	
1.004	
1.004	
1.005	
1.005	
1.005	
1.005	
1.005	
1.005	
1.006	
1.006	
1.006	
1.006	
1.006	
1.006	
1.006	
1.006	
1.006	
1.006	
1.006	
1.007	
1.007	
1.007	
1.007	
1.008	
1.008	
1.008	
1.008	
1.008	
1.009	
1.009	
1.009	
1.009	
1.009	
1.009	
1.009	
1.009	
1.010	
1.010	
1.010	
1.010	
1.010	
1.010	
1.010	
1.009	
1.009	
1.009	
1.009	
1.009	
1.009	
1.009	
1.009	
1.009	
1.009	
1.009	
1.009	
1.009	
1.009	
1.009	
1.009	
1.009	
1.009	
1.009	
1.009	
1.009	
1.009	
1.009	
1.009	
1.009	
1.009	
1.009	
1.009	
1.008	
1.009	
1.009	
1.009	
1.009	
1.009	
1.009	
1.009	
1.009	
1.009	
1.009	
1.009	
1.009	
1.009	
1.009	
1.009	
1.009	
1.010	
1.010	
1.010	
1.010	
1.010	
1.010	
1.011	
1.011	
1.011	
1.011	
1.011	
1.011	
1.011	
1.011	
1.011	
1.012	
1.012	
1.012	
1.012	
1.012	
1.012	
1.012	
1.012	
1.012	
1.012	
1.012	
1.012	
1.012	
1.013	
1.013	
1.013	
1.013	
1.013	
1.013	
1.013	
1.014	
1.014	
1.015	
1.015	
1.016	
1.016	
1.016	
1.017	
1.017	
1.017	
1.018	
1.019	
1.020	
1.020	
1.020	
1.021	
1.022	
1.023	
1.024	
1.024	
1.025	
1.026	
1.027	
1.028	
1.028	
1.029	
1.029	
1.030	
1.031	
1.032	
1.032	
1.033	
1.033	
1.033	
1.034	
1.034	
1.034	
1.035	
1.035	
1.035	
1.036	
1.036	
1.035	
1.035	
1.035	
1.035	
1.036	
1.036	
1.036	
1.036	
1.036	
1.036	
1.036	
1.036	
1.036	
1.036	
1.036	
1.036	
1.036	
1.036	
1.036	
1.036	
1.036	
1.035	
1.035	
1.035	
1.035	
1.035	
1.035	
1.035	
1.035	
1.035	
1.035	
1.035	
1.035	
1.036	
1.036	
1.037	
1.037	
1.037	
1.038	
1.038	
1.039	
1.039	
1.039	
1.039	
1.040	
1.040	
1.040	
1.040	
1.040	
1.040	
1.040	
1.040	
1.040	
1.040	
1.040	
1.041	
1.041	
1.041	
1.041	
1.041	
1.041	
1.042	
1.042	
1.042	
1.042	
1.043	
1.043	
1.043	
1.043	
1.044	
1.045	
1.046	
1.046	
1.046	
1.047	
1.047	
1.048	
1.049	
1.050	
1.051	
1.051	
1.052	
1.053	
1.053	
1.054	
1.055	
1.056	
1.056	
1.057	
1.058	
1.059	
1.060	
1.061	
1.062	
1.063	
1.064	
1.065	
1.066	
1.067	
1.068	
1.069	
1.070	
1.071	
1.073	
1.074	
1.076	
1.077	
1.078	
1.079	
1.081	
1.082	
1.083	
1.085	
1.087	
1.088	
1.089	
1.090	
1.091	
1.092	
1.093	
1.094	
1.095	
1.096	
1.097	
1.098	
1.099	
1.100	
1.101	
1.102	
1.103	
1.104	
1.105	
1.106	
1.107	
1.108	
1.109	
1.110	
1.111	
1.112	
1.113	
1.114	
1.115	
1.117	
1.117	
1.118	
1.119	
1.120	
1.120	
1.120	
1.121	
1.121	
1.121	
1.121	
1.121	
1.122	
1.122	
1.122	
1.122	
1.123	
1.123	
1.123	
1.122	
1.122	
1.122	
1.122	
1.122	
1.122	
1.122	
1.122	
1.121	
1.121	
1.120	
1.121	
1.121	
1.121	
1.121	
1.122	
1.122	
1.122	
1.122	
1.122	
1.122	
1.123	
1.124	
1.124	
1.125	
1.125	
1.126	
1.126	
1.127	
1.128	
1.129	
1.130	
1.132	
1.133	
1.135	
1.137	
1.138	
1.140	
1.142	
1.145	
1.147	
1.149	
1.152	
1.155	
1.157	
1.160	
1.162	
1.164	
1.167	
1.169	
1.172	
1.174	
1.177	
1.179	
1.182	
1.184	
1.186	
1.188	
1.190	
1.192	
1.195	
1.197	
1.199	
1.201	
1.203	
1.205	
1.207	
1.209	
1.210	
1.212	
1.213	
1.214	
1.215	
1.216	
1.218	
1.220	
1.221	
1.221	
1.222	
1.223	
1.224	
1.225	
1.226	
1.226	
1.228	
1.228	
1.228	
1.228	
1.228	
1.228	
1.229	
1.229	
1.230	
1.230	
1.230	
1.230	
1.231	
1.232	
1.233	
1.234	
1.234	
1.235	
1.235	
1.236	
1.236	
1.236	
1.237	
1.238	
1.239	
1.239	
1.240	
1.241	
1.242	
1.243	
1.245	
1.246	
1.247	
1.249	
1.250	
1.250	
1.252	
1.253	
1.254	
1.256	
1.258	
1.259	
1.260	
1.262	
1.264	
1.266	
1.267	
1.270	
1.272	
1.274	
1.276	
1.278	
1.279	
1.280	
1.282	
1.285	
1.287	
1.290	
1.292	
1.294	
1.297	
1.299	
1.302	
1.305	
1.308	
1.311	
1.314	
1.316	
1.319	
1.322	
1.324	
1.326	
1.328	
1.331	
1.335	
1.338	
1.342	
1.345	
1.349	
1.353	
1.358	
1.362	
1.366	
1.371	
1.376	
1.381	
1.386	
1.391	
1.395	
1.399	
1.403	
1.406	
1.410	
1.414	
1.417	
1.421	
1.425	
1.429	
1.432	
1.434	
1.436	
1.439	
1.442	
1.444	
1.447	
1.450	
1.451	
1.453	
1.453	
1.453	
1.454	
1.455	
1.456	
1.457	
1.457	
1.458	
1.458	
1.458	
1.457	
1.456	
1.456	
1.456	
1.457	
1.458	
1.458	
1.459	
1.460	
1.459	
1.458	
1.459	
1.460	
1.462	
1.463	
1.464	
1.465	
1.466	
1.466	
1.466	
1.468	
1.471	
1.474	
1.476	
1.478	
1.480	
1.482	
1.485	
1.488	
1.492	
1.496	
1.500	
1.504	
1.507	
1.510	
1.513	
1.517	
1.522	
1.526	
1.530	
1.534	
1.539	
1.544	
1.549	
1.552	
1.556	
1.561	
1.565	
1.570	
1.575	
1.580	
1.585	
1.590	
1.594	
1.599	
1.605	
1.610	
1.616	
1.622	
1.628	
1.634	
1.639	
1.644	
1.649	
1.653	
1.658	
1.661	
1.666	
1.668	
1.671	
1.674	
1.676	
1.677	
1.679	
1.681	
1.684	
1.687	
1.689	
1.691	
1.693	
1.694	
1.696	
1.699	
1.702	
1.705	
1.708	
1.711	
1.713	
1.714	
1.715	
1.716	
1.718	
1.720	
1.721	
1.724	
1.725	
1.725	
1.727	
1.728	
1.729	
1.731	
1.732	
1.734	
1.736	
1.738	
1.741	
1.742	
1.743	
1.744	
1.746	
1.748	
1.751	
1.754	
1.755	
1.757	
1.761	
1.764	
1.767	
1.771	
1.774	
1.777	
1.781	
1.784	
1.787	
1.791	
1.793	
1.796	
1.801	
1.803	
1.806	
1.808	
1.810	
1.813	
1.817	
1.820	
1.823	
1.825	
1.826	
1.828	
1.830	
1.832	
1.835	
1.837	
1.838	
1.837	
1.839	
1.838	
1.839	
1.840	
1.843	
1.845	
1.847	
1.849	
1.850	
1.850	
1.852	
1.856	
1.858	
1.857	
1.858	
1.861	
1.862	
1.862	
1.862	
1.863	
1.864	
1.865	
1.867	
1.868	
1.868	
1.869	
1.870	
1.869	
1.869	
1.868	
1.867	
1.867	
1.867	
1.865	
1.863	
1.862	
1.861	
1.861	
1.862	
1.863	
1.865	
1.866	
1.868	
1.868	
1.868	
1.869	
1.874	
1.877	
1.878	
1.878	
1.878	
1.879	
1.882	
1.886	
1.888	
1.889	
1.894	
1.898	
1.904	
1.906	
1.910	
1.915	
1.921	
1.927	
1.933	
1.935	
1.936	
1.939	
1.945	
1.948	
1.952	
1.957	
1.962	
1.967	
1.971	
1.975	
1.977	
1.979	
1.987	
1.996	
2.000	
2.004	
2.005	
2.008	
2.011	
2.012	
2.016	
2.019	
2.020	
2.022	
2.026	
2.025	
2.027	
2.033	
2.038	
2.042	
2.043	
2.044	
2.048	
2.048	
2.050	
2.055	
2.062	
2.067	
2.071	
2.072	
2.071	
2.070	
2.074	
2.078	
2.081	
2.083	
2.086	
2.089	
2.091	
2.091	
2.092	
2.094	
2.097	
2.101	
2.108	
2.113	
2.118	
2.121	
2.125	
2.131	
2.137	
2.140	
2.142	
2.145	
2.153	
2.161	
2.167	
2.170	
2.176	
2.181	
2.188	
2.194	
2.194	
2.193	
2.203	
2.217	
2.230	
2.236	
2.236	
2.240	
2.251	
2.259	
2.265	
2.269	
2.273	
2.286	
2.301	
2.304	
2.306	
2.310	
2.317	
2.325	
2.335	
2.337	
2.338	
2.341	
2.343	
2.349	
2.351	
2.351	
2.358	
2.362	
2.361	
2.365	
2.379	
2.382	
2.386	
2.391	
2.394	
2.399	
2.404	
2.402	
2.404	
2.410	
2.413	
2.413	
2.413	
2.412	
2.418	
2.428	
2.439	
2.450	
2.459	
2.471	
2.489	
2.500	
2.506	
2.513	
2.525	
2.534	
2.542	
2.551	
2.554	
2.562	
2.578	
2.590	
2.592	
2.601	
2.613	
2.615	
2.622	
2.629	
2.634	
2.634	
2.640	
2.650	
2.656	
2.663	
2.675	
2.684	
2.686	
2.693	
2.709	
2.725	
2.748	
2.764	
2.778	
2.787	
2.792	
2.802	
2.805	
2.807	
2.816	
2.827	
2.843	
2.851	
2.854	
2.856	
2.867	
2.878	
2.890	
2.903	
2.913	
2.913	
2.922	
2.941	
2.951	
2.953	
2.957	
2.970	
2.970	
2.966	
2.980	
2.978	
2.978	
2.992	
3.021	
3.032	
3.038	
3.045	
3.041	
3.032	
3.022	
3.026	
3.031	
3.032	
3.055	
3.064	
3.061	
3.060	
3.067	
3.069	
3.076	
3.089	
3.111	
3.157	
3.181	
3.175	
3.176	
3.174	
3.176	
3.169	
3.165	
3.169	
3.175	
3.200	
3.226	
3.244	
3.235	
3.256	
3.304	
3.329	
3.344	
3.368	
3.400	
3.433	
3.465	
3.469	
3.464	
3.476	
3.508	
3.529	
3.541	
3.546	
3.553	
3.556	
3.580	
3.590	
3.567	
3.531	
3.515	
3.496	
3.494	
3.481	
3.473	
3.469	
3.467	
3.468	
3.479	
3.469	
3.488	
3.515	
3.558	
3.619	
3.673	
3.694	
3.699	
3.718	
3.723	
3.735	
3.755	
3.783	
3.836	
3.851	
3.899	
3.953	
3.987	
4.018	
4.033	
4.079	
4.095	
4.101	
4.122	
4.189	
4.222	
4.215	
4.266	
4.270	
4.242	
4.225	
4.251	
4.316	
4.339	
4.385	
4.488	
4.534	
4.485	
4.506	
4.546	
4.516	
4.532	
4.515	
4.458	
4.403	
4.349	
4.370	
4.391	
4.368	
4.371	
4.413	
4.423	
4.380	
4.410	
4.469	
4.538	
4.671	
4.725	
4.757	
4.823	
4.867	
4.929	
5.041	
5.180	
5.154	
5.149	
5.123	
5.048	
5.062	
5.017	
5.022	
5.107	
5.051	
4.976	
4.922	
4.840	
4.750	
4.820	
4.882	
4.917	
4.995	
5.044	
5.062	
5.114	
5.134	
5.120	
5.152	
5.127	
5.125	
5.171	
5.218	
5.383	
5.437	
5.371	
5.386	
5.401	
5.389	
5.297	
5.352	
5.452	
5.588	
5.764	
5.837	
5.828	
5.687	
5.630	
5.734	
5.759	
5.836	
5.846	
5.785	
5.812	
5.823	
5.762	
5.651	
5.575	
5.534	
5.526	
5.656	
5.631	
5.555	
5.582	
5.541	
5.696	
5.766	
5.780	
5.915	
5.953	
5.908	
5.884	
6.030	
6.050	
5.982	
6.025	
5.807	
5.784	
5.867	
5.822	
5.799	
5.776	
5.840	
5.908	
5.885	
5.795	
5.728	
5.728	
5.818	
6.137	
6.247	
6.042	
5.970	
5.974	
5.829	
5.666	
5.762	
5.965	
6.023	
5.976	
5.929	
5.681	
5.518	
5.714	
5.874	
5.935	
5.970	
6.123	
6.255	
6.205	
6.065	
6.017	
5.998	
5.979	
6.051	
6.063	
5.836	
5.704	
5.771	
5.840	
5.974	
5.957	
5.971	
6.326	
6.457	
6.405	
6.917	
7.859	
9.046	
9.709	
9.994	
10.103	
10.318	
11.239	
12.069	
12.259	
12.010	
11.910	
14.188	
14.927	
12.842	
11.115	
11.021	
10.928	
10.835	
10.269	
8.573	
7.913	
8.054	
7.712	
7.332	
6.520	
6.147	
6.654	
6.915	
6.911	
7.140	
7.139	
7.458	
7.964	
8.211	
8.393	
9.173	
11.438	
13.691	
12.295	
9.995	
9.782	
10.352	
11.868	
12.548	
11.305	
9.992	
10.939	
10.377	
9.862	
9.514	
8.839	
10.307	
11.026	
9.696	
8.860	
7.772	
7.977	
8.624	
9.140	
8.255	
8.181	
8.317	
7.740	
7.861	
7.509	
7.917	
8.866	
8.538	
8.010	
7.088	
6.345	
6.220	
6.297	
6.172	
5.987	
6.261	
6.491	
6.285	
6.227	
6.312	
7.073	
8.446	
8.931	
8.701	
10.130	
11.116	
11.507	
12.527	
10.803	
8.962	
8.877	
7.934	
6.665	
6.097	
5.678	
5.429	
5.197	
4.824	
4.880	
4.542	
4.284	
4.243	
4.243	
4.202	
4.162	
4.288	
4.204	
4.082	
4.165	
4.689	
4.591	
4.128	
4.452	
4.409	
4.570	
4.991	
5.073	
4.957	
5.251	
5.272	
5.220	
5.648	
6.059	
7.352	
7.431	
6.536	
6.593	
6.067	
5.521	
4.982	
4.723	
4.611	
4.441	
4.114	
3.781	
3.147	
2.709	
2.680	
2.520	
2.375	
2.349	
2.478	
2.580	
2.620	
2.568	
2.633	
2.960	
3.159	
3.766	
4.606	
4.884	
5.532	
5.833	
5.897	
5.031	
4.786	
5.015	
4.957	
5.000	
4.178	
3.524	
3.159	
2.603	
2.518	
2.601	
2.358	
2.283	
2.190	
2.122	
2.139	
2.271	
2.397	
2.453	
2.424	
2.314	
2.262	
2.260	
2.234	
2.458	
2.949	
8.908	
14.894	
19.803	
15.321	
10.053	
12.568	
0.000	
0
